0 0.764062 0.442188 0.757812 0.445312 0.737500 0.464062 0.726562 0.479687 0.717187 0.507812 0.717187 0.565625 0.720313 0.571875 0.735938 0.585938 0.753125 0.592187 0.775000 0.592187 0.785937 0.589063 0.795312 0.579688 0.800000 0.570312 0.809375 0.535937 0.809375 0.482812 0.798438 0.456250 0.785937 0.443750
0 0.906250 0.420312 0.889062 0.431250 0.871875 0.453125 0.865625 0.468750 0.862500 0.506250 0.864062 0.542188 0.870313 0.557813 0.882812 0.568750 0.895312 0.573438 0.926562 0.573438 0.937500 0.568750 0.948438 0.551562 0.954688 0.521875 0.954688 0.476562 0.945312 0.448437 0.935937 0.432812 0.923438 0.421875
0 0.639062 0.400000 0.617188 0.403125 0.610938 0.406250 0.596875 0.420312 0.582812 0.443750 0.575000 0.465625 0.568750 0.495312 0.568750 0.509375 0.578125 0.523438 0.598437 0.535937 0.628125 0.534375 0.637500 0.525000 0.657813 0.478125 0.660937 0.460938 0.657813 0.426563 0.651563 0.410938
0 0.551562 0.373437 0.535937 0.373437 0.528125 0.376563 0.492188 0.415625 0.478125 0.446875 0.482812 0.459375 0.495312 0.471875 0.501563 0.475000 0.515625 0.475000 0.521875 0.471875 0.537500 0.457813 0.553125 0.435937 0.562500 0.417187 0.562500 0.385937 0.559375 0.379688
0 0.001563 0.320312 0.001563 0.339062 0.000000 0.340625 0.000000 0.446875 0.007812 0.446875 0.023438 0.442188 0.037500 0.434375 0.046875 0.421875 0.046875 0.406250 0.042188 0.382812 0.025000 0.343750 0.018750 0.334375
0 0.120313 0.264062 0.106250 0.276562 0.101562 0.289062 0.101562 0.326562 0.106250 0.342187 0.125000 0.379688 0.140625 0.398438 0.150000 0.403125 0.173437 0.401562 0.184375 0.396875 0.201563 0.382812 0.204687 0.373437 0.203125 0.354687 0.193750 0.326562 0.175000 0.290625 0.150000 0.268750 0.137500 0.264062
0 0.714063 0.257812 0.703125 0.246875 0.646875 0.248438 0.623437 0.256250 0.593750 0.275000 0.576562 0.296875 0.575000 0.320312 0.579688 0.331250 0.592187 0.343750 0.615625 0.354687 0.642188 0.359375 0.660937 0.359375 0.703125 0.346875 0.723437 0.332813 0.723437 0.300000
0 0.206250 0.215625 0.196875 0.223438 0.192188 0.237500 0.192188 0.271875 0.201563 0.293750 0.212500 0.312500 0.232813 0.339062 0.242188 0.343750 0.260937 0.343750 0.275000 0.339062 0.292187 0.325000 0.295312 0.318750 0.295312 0.301563 0.267188 0.245312 0.250000 0.228125 0.228125 0.217188
0 0.303125 0.178125 0.296875 0.185938 0.295312 0.210938 0.306250 0.235937 0.337500 0.271875 0.353125 0.275000 0.367188 0.270313 0.379688 0.256250 0.379688 0.240625 0.370312 0.223438 0.339062 0.190625 0.321875 0.178125
0 0.001563 0.132812 0.000000 0.234375 0.031250 0.246875 0.075000 0.253125 0.098437 0.245312 0.128125 0.215625 0.132812 0.204687 0.132812 0.193750 0.128125 0.179688 0.106250 0.159375 0.073438 0.140625 0.042188 0.132812
