0 0.245312 0.578125 0.239063 0.568750 0.218750 0.557813 0.201563 0.559375 0.148438 0.582812 0.139063 0.592187 0.139063 0.596875 0.143750 0.612500 0.175000 0.635938 0.182812 0.635938 0.220312 0.618750 0.231250 0.610938 0.245312 0.593750
0 0.076563 0.496875 0.071875 0.501563 0.068750 0.507812 0.070312 0.525000 0.073438 0.532813 0.085938 0.551562 0.100000 0.556250 0.104688 0.559375 0.131250 0.559375 0.143750 0.551562 0.150000 0.542188 0.150000 0.535937 0.148438 0.534375 0.146875 0.523438 0.143750 0.515625 0.128125 0.492188 0.103125 0.489063 0.093750 0.492188 0.085938 0.492188
0 0.621875 0.465625 0.607812 0.470313 0.601562 0.470313 0.578125 0.485938 0.570312 0.498437 0.567187 0.512500 0.573438 0.531250 0.582812 0.540625 0.628125 0.550000 0.650000 0.539062 0.656250 0.532813 0.678125 0.503125 0.678125 0.496875 0.676562 0.495312 0.676562 0.487500 0.665625 0.479687 0.635938 0.467187
0 0.387500 0.431250 0.367188 0.431250 0.360938 0.434375 0.353125 0.442188 0.353125 0.443750 0.348438 0.450000 0.348438 0.453125 0.345313 0.459375 0.345313 0.464062 0.343750 0.465625 0.343750 0.468750 0.345313 0.470313 0.345313 0.476562 0.346875 0.478125 0.346875 0.482812 0.348438 0.484375 0.357812 0.489063 0.371875 0.490625 0.373437 0.489063 0.376563 0.489063 0.378125 0.487500 0.384375 0.485938 0.395313 0.476562 0.395313 0.473438 0.396875 0.471875 0.396875 0.462500 0.398438 0.460938 0.398438 0.451562 0.400000 0.450000 0.396875 0.443750 0.396875 0.439063
0 0.481250 0.421875 0.479687 0.423438 0.475000 0.423438 0.473438 0.425000 0.468750 0.425000 0.465625 0.426563 0.454688 0.437500 0.454688 0.440625 0.456250 0.442188 0.456250 0.453125 0.457813 0.454688 0.457813 0.465625 0.459375 0.467187 0.459375 0.478125 0.471875 0.484375 0.475000 0.484375 0.476562 0.482812 0.482812 0.482812 0.484375 0.481250 0.490625 0.481250 0.492188 0.479687 0.496875 0.479687 0.504687 0.471875 0.504687 0.468750 0.503125 0.467187 0.503125 0.464062 0.501563 0.462500 0.501563 0.459375 0.498437 0.453125 0.498437 0.446875 0.496875 0.445312 0.495312 0.431250 0.493750 0.428125
0 0.203125 0.417187 0.201563 0.418750 0.190625 0.420312 0.178125 0.431250 0.170313 0.440625 0.170313 0.448437 0.171875 0.450000 0.176563 0.478125 0.187500 0.489063 0.196875 0.492188 0.210938 0.492188 0.212500 0.490625 0.223438 0.489063 0.235937 0.482812 0.250000 0.470313 0.246875 0.460938 0.243750 0.435937 0.237500 0.425000 0.223438 0.418750
0 0.309375 0.404687 0.293750 0.406250 0.292187 0.407813 0.284375 0.407813 0.268750 0.426563 0.268750 0.429688 0.267188 0.431250 0.267188 0.442188 0.268750 0.443750 0.268750 0.450000 0.270313 0.451562 0.270313 0.457813 0.271875 0.459375 0.273438 0.471875 0.281250 0.473438 0.282813 0.475000 0.296875 0.475000 0.304688 0.471875 0.317188 0.470313 0.329688 0.464062 0.332813 0.451562 0.331250 0.450000 0.331250 0.442188 0.329688 0.440625 0.329688 0.434375 0.328125 0.432812 0.326562 0.417187 0.321875 0.412500 0.312500 0.407813
0 0.548438 0.389062 0.542188 0.389062 0.540625 0.390625 0.531250 0.392188 0.514062 0.404687 0.507812 0.417187 0.507812 0.421875 0.509375 0.423438 0.510938 0.456250 0.517188 0.464062 0.520312 0.464062 0.526563 0.467187 0.539062 0.467187 0.540625 0.465625 0.543750 0.465625 0.553125 0.459375 0.564063 0.445312 0.564063 0.442188 0.568750 0.431250 0.567187 0.418750 0.565625 0.417187 0.565625 0.410938 0.556250 0.393750
0 0.618750 0.332813 0.615625 0.332813 0.614062 0.334375 0.604688 0.334375 0.592187 0.339062 0.578125 0.356250 0.578125 0.359375 0.575000 0.365625 0.575000 0.373437 0.576562 0.375000 0.576562 0.398438 0.589063 0.406250 0.595313 0.406250 0.596875 0.404687 0.609375 0.404687 0.615625 0.400000 0.620313 0.398438 0.625000 0.395313 0.640625 0.373437 0.639062 0.371875 0.639062 0.367188 0.637500 0.365625 0.632812 0.342187
0 0.739062 0.335938 0.723437 0.328125 0.721875 0.329688 0.706250 0.332813 0.703125 0.335938 0.695312 0.339062 0.681250 0.357812 0.676562 0.375000 0.671875 0.384375 0.671875 0.398438 0.675000 0.407813 0.679688 0.409375 0.696875 0.409375 0.698438 0.407813 0.717187 0.404687 0.737500 0.384375 0.743750 0.373437 0.743750 0.368750 0.745313 0.367188 0.745313 0.356250 0.743750 0.354687 0.742188 0.340625
