0 0.734375 0.612500 0.731250 0.609375 0.723437 0.609375 0.721875 0.607812 0.714063 0.612500 0.710938 0.612500 0.704688 0.615625 0.682813 0.637500 0.681250 0.637500 0.673438 0.645312 0.673438 0.650000 0.670312 0.656250 0.670312 0.660937 0.675000 0.665625 0.681250 0.667188 0.693750 0.657813 0.698438 0.656250 0.701562 0.653125 0.707812 0.650000 0.726562 0.631250 0.726562 0.629687 0.732812 0.623437 0.732812 0.620313 0.734375 0.618750
0 0.640625 0.560937 0.635938 0.560937 0.634375 0.559375 0.625000 0.559375 0.609375 0.568750 0.600000 0.578125 0.596875 0.585938 0.593750 0.589063 0.592187 0.593750 0.587500 0.600000 0.587500 0.603125 0.585938 0.604688 0.585938 0.610938 0.584375 0.612500 0.584375 0.615625 0.590625 0.626563 0.592187 0.626563 0.595313 0.629687 0.607812 0.629687 0.628125 0.610938 0.628125 0.609375 0.632812 0.604688 0.640625 0.589063 0.640625 0.581250 0.642188 0.579688 0.642188 0.573438 0.643750 0.571875 0.643750 0.565625
0 0.223438 0.421875 0.217188 0.420312 0.195312 0.445312 0.184375 0.460938 0.171875 0.484375 0.171875 0.487500 0.168750 0.492188 0.164062 0.506250 0.168750 0.517188 0.175000 0.520312 0.179688 0.520312 0.192188 0.509375 0.207813 0.484375 0.210938 0.476562 0.210938 0.471875 0.212500 0.470313 0.212500 0.465625 0.214062 0.464062
0 0.587500 0.398438 0.578125 0.398438 0.567187 0.404687 0.550000 0.423438 0.540625 0.443750 0.537500 0.470313 0.535937 0.471875 0.535937 0.482812 0.540625 0.492188 0.554688 0.503125 0.565625 0.504687 0.578125 0.500000 0.589063 0.481250 0.598437 0.456250 0.600000 0.442188 0.603125 0.432812 0.603125 0.415625 0.598437 0.404687
0 0.978125 0.401562 0.968750 0.396875 0.954688 0.395313 0.932813 0.401562 0.906250 0.417187 0.896875 0.426563 0.895312 0.434375 0.890625 0.443750 0.892188 0.456250 0.896875 0.465625 0.900000 0.468750 0.912500 0.473438 0.926562 0.468750 0.957812 0.451562 0.982812 0.426563 0.982812 0.410938
0 0.512500 0.334375 0.506250 0.334375 0.504687 0.332813 0.487500 0.342187 0.476562 0.356250 0.460938 0.381250 0.456250 0.392188 0.456250 0.400000 0.454688 0.401562 0.460938 0.421875 0.468750 0.431250 0.479687 0.437500 0.492188 0.437500 0.500000 0.431250 0.518750 0.403125 0.523438 0.389062 0.525000 0.375000 0.526563 0.373437 0.526563 0.351562 0.518750 0.337500
0 0.414062 0.335938 0.406250 0.332813 0.395313 0.332813 0.382812 0.339062 0.370312 0.351562 0.350000 0.384375 0.346875 0.396875 0.348438 0.410938 0.354687 0.420312 0.365625 0.428125 0.385937 0.429688 0.398438 0.421875 0.412500 0.401562 0.420312 0.384375 0.425000 0.367188 0.423438 0.348438
0 0.940625 0.217188 0.935937 0.214062 0.921875 0.212500 0.901563 0.218750 0.884375 0.228125 0.853125 0.254688 0.846875 0.270313 0.846875 0.281250 0.853125 0.293750 0.864062 0.306250 0.868750 0.309375 0.876563 0.309375 0.887500 0.304688 0.915625 0.282813 0.937500 0.259375 0.946875 0.237500 0.946875 0.226562
0 0.837500 0.192188 0.834375 0.189062 0.820312 0.185938 0.815625 0.187500 0.796875 0.187500 0.767188 0.200000 0.746875 0.212500 0.740625 0.218750 0.734375 0.232813 0.735938 0.245312 0.746875 0.259375 0.753125 0.262500 0.764062 0.262500 0.812500 0.242188 0.828125 0.231250 0.840625 0.217188 0.842187 0.201563
0 0.592187 0.139063 0.589063 0.137500 0.581250 0.137500 0.560937 0.146875 0.548438 0.157812 0.548438 0.159375 0.531250 0.178125 0.528125 0.185938 0.528125 0.193750 0.529687 0.195312 0.529687 0.198437 0.537500 0.207813 0.548438 0.212500 0.560937 0.212500 0.573438 0.204687 0.582812 0.195312 0.595313 0.175000 0.595313 0.170313 0.598437 0.162500 0.598437 0.150000
