0 0.503125 0.748437 0.498437 0.751563 0.490625 0.762500 0.473438 0.781250 0.468750 0.790625 0.468750 0.795312 0.465625 0.803125 0.465625 0.831250 0.471875 0.845313 0.484375 0.845313 0.501563 0.828125 0.507812 0.820312 0.510938 0.812500 0.514062 0.809375 0.525000 0.789062 0.523438 0.779687 0.520312 0.775000 0.520312 0.771875 0.514062 0.757812
0 0.553125 0.703125 0.528125 0.720313 0.528125 0.735938 0.537500 0.762500 0.537500 0.767188 0.542188 0.778125 0.542188 0.782813 0.548438 0.798438 0.550000 0.807813 0.562500 0.818750 0.575000 0.810937 0.582812 0.798438 0.584375 0.785937 0.585938 0.784375 0.585938 0.771875 0.575000 0.743750 0.568750 0.717187 0.560937 0.703125
0 0.865625 0.421875 0.857812 0.431250 0.854688 0.446875 0.856250 0.448437 0.857812 0.459375 0.860938 0.465625 0.860938 0.470313 0.864062 0.476562 0.864062 0.481250 0.868750 0.493750 0.868750 0.498437 0.871875 0.504687 0.871875 0.509375 0.873437 0.510938 0.893750 0.509375 0.895312 0.506250 0.895312 0.490625 0.896875 0.489063 0.895312 0.487500 0.892188 0.470313 0.889062 0.464062 0.884375 0.440625 0.881250 0.434375 0.879687 0.423438 0.878125 0.421875
0 0.132812 0.334375 0.131250 0.335938 0.131250 0.342187 0.129688 0.343750 0.129688 0.350000 0.128125 0.351562 0.128125 0.357812 0.126562 0.359375 0.126562 0.365625 0.125000 0.367188 0.125000 0.373437 0.123438 0.375000 0.123438 0.381250 0.121875 0.382812 0.121875 0.389062 0.120313 0.390625 0.120313 0.398438 0.118750 0.400000 0.117188 0.414062 0.120313 0.420312 0.120313 0.425000 0.134375 0.428125 0.145313 0.415625 0.145313 0.407813 0.146875 0.406250 0.146875 0.398438 0.148438 0.396875 0.150000 0.378125 0.151562 0.376563 0.151562 0.368750 0.153125 0.367188 0.153125 0.359375 0.154688 0.357812 0.156250 0.343750 0.154688 0.342187 0.137500 0.337500
0 0.454688 0.275000 0.442188 0.276562 0.431250 0.300000 0.426563 0.306250 0.426563 0.310937 0.425000 0.312500 0.425000 0.346875 0.423438 0.348438 0.423438 0.357812 0.434375 0.370312 0.435937 0.368750 0.445312 0.368750 0.454688 0.359375 0.460938 0.342187 0.460938 0.337500 0.465625 0.326562 0.465625 0.321875 0.468750 0.315625 0.467187 0.289062
0 0.607812 0.259375 0.598437 0.268750 0.595313 0.278125 0.595313 0.284375 0.593750 0.285938 0.595313 0.304688 0.596875 0.306250 0.596875 0.314063 0.598437 0.315625 0.598437 0.325000 0.609375 0.357812 0.626563 0.359375 0.628125 0.360938 0.639062 0.348438 0.637500 0.303125 0.635938 0.301563 0.635938 0.290625 0.634375 0.289062 0.632812 0.270313 0.623437 0.259375
0 0.775000 0.251563 0.757812 0.260937 0.759375 0.275000 0.760938 0.276562 0.760938 0.285938 0.762500 0.287500 0.762500 0.296875 0.765625 0.307812 0.765625 0.317188 0.779687 0.356250 0.793750 0.356250 0.795312 0.354687 0.800000 0.354687 0.809375 0.342187 0.807813 0.337500 0.807813 0.325000 0.806250 0.323437 0.806250 0.310937 0.804688 0.309375 0.803125 0.282813 0.796875 0.265625 0.795312 0.256250
0 0.267188 0.218750 0.262500 0.220312 0.259375 0.223438 0.254688 0.245312 0.253125 0.246875 0.253125 0.253125 0.251563 0.254688 0.251563 0.259375 0.245312 0.279687 0.245312 0.285938 0.243750 0.287500 0.243750 0.295312 0.245312 0.296875 0.246875 0.306250 0.260937 0.320312 0.279687 0.307812 0.279687 0.303125 0.285938 0.282813 0.285938 0.276562 0.287500 0.275000 0.287500 0.270313 0.293750 0.250000 0.293750 0.243750 0.295312 0.242188 0.295312 0.239063 0.287500 0.226562
0 0.679688 0.160938 0.668750 0.181250 0.670312 0.182812 0.671875 0.201563 0.673438 0.203125 0.673438 0.210938 0.675000 0.212500 0.675000 0.220312 0.676562 0.221875 0.676562 0.229687 0.679688 0.240625 0.681250 0.259375 0.682813 0.262500 0.712500 0.262500 0.717187 0.259375 0.720313 0.246875 0.718750 0.245312 0.718750 0.234375 0.717187 0.232813 0.717187 0.223438 0.715625 0.221875 0.715625 0.212500 0.714063 0.210938 0.714063 0.201563 0.712500 0.200000 0.712500 0.189062 0.710938 0.187500 0.709375 0.171875 0.700000 0.160938
0 0.360938 0.160938 0.348438 0.176563 0.346875 0.181250 0.346875 0.201563 0.345313 0.203125 0.345313 0.223438 0.343750 0.225000 0.343750 0.246875 0.357812 0.257812 0.365625 0.259375 0.367188 0.257812 0.376563 0.256250 0.379688 0.240625 0.381250 0.239063 0.381250 0.232813 0.385937 0.218750 0.385937 0.212500 0.390625 0.198437 0.390625 0.192188 0.393750 0.184375 0.393750 0.178125 0.382812 0.165625
