0 0.681250 0.760938 0.646875 0.760938 0.635938 0.768750 0.629687 0.779687 0.626563 0.795312 0.606250 0.851562 0.603125 0.868750 0.604688 0.887500 0.609375 0.896875 0.629687 0.909375 0.646875 0.910937 0.667188 0.903125 0.679688 0.890625 0.687500 0.876563 0.701562 0.828125 0.701562 0.795312 0.692187 0.770312
0 0.559375 0.706250 0.539062 0.703125 0.518750 0.706250 0.498437 0.726562 0.468750 0.835938 0.467187 0.876563 0.475000 0.893750 0.484375 0.903125 0.498437 0.909375 0.529687 0.910937 0.553125 0.904687 0.564063 0.898438 0.578125 0.879687 0.596875 0.750000 0.592187 0.734375 0.581250 0.717187
0 0.389062 0.701562 0.359375 0.703125 0.343750 0.710938 0.329688 0.725000 0.315625 0.762500 0.312500 0.862500 0.318750 0.881250 0.340625 0.900000 0.370312 0.906250 0.406250 0.898438 0.420312 0.889062 0.434375 0.859375 0.435937 0.739062 0.426563 0.718750 0.404687 0.704688
0 0.223438 0.618750 0.196875 0.625000 0.184375 0.632812 0.170313 0.651563 0.159375 0.698438 0.157812 0.770312 0.160938 0.781250 0.170313 0.795312 0.187500 0.807813 0.198437 0.810937 0.223438 0.810937 0.245312 0.803125 0.257812 0.793750 0.264062 0.782813 0.275000 0.734375 0.278125 0.707812 0.278125 0.662500 0.268750 0.642188 0.254688 0.629687
0 0.662500 0.357812 0.640625 0.364063 0.625000 0.384375 0.620313 0.406250 0.621875 0.446875 0.628125 0.492188 0.642188 0.537500 0.650000 0.543750 0.692187 0.542188 0.710938 0.531250 0.729688 0.510938 0.737500 0.489063 0.728125 0.412500 0.718750 0.381250 0.693750 0.360938
0 0.493750 0.345313 0.468750 0.360938 0.460938 0.370312 0.457813 0.381250 0.457813 0.426563 0.470313 0.489063 0.485938 0.528125 0.498437 0.540625 0.523438 0.545312 0.543750 0.543750 0.575000 0.528125 0.589063 0.512500 0.590625 0.462500 0.585938 0.423438 0.570312 0.381250 0.551562 0.356250 0.528125 0.343750
0 0.317188 0.345313 0.292187 0.364063 0.285938 0.382812 0.284375 0.404687 0.320312 0.514062 0.329688 0.525000 0.342187 0.531250 0.370312 0.532813 0.396875 0.525000 0.415625 0.510938 0.423438 0.496875 0.420312 0.453125 0.400000 0.401562 0.382812 0.367188 0.365625 0.351562 0.337500 0.342187
0 0.179688 0.284375 0.170313 0.284375 0.168750 0.282813 0.151562 0.287500 0.140625 0.296875 0.132812 0.307812 0.129688 0.323437 0.132812 0.350000 0.148438 0.378125 0.156250 0.381250 0.168750 0.378125 0.215625 0.351562 0.225000 0.342187 0.221875 0.329688 0.209375 0.309375 0.192188 0.292187
0 0.001563 0.096875 0.001563 0.201563 0.001563 0.193750 0.003125 0.192188 0.003125 0.184375 0.004687 0.182812 0.004687 0.175000 0.006250 0.173437 0.006250 0.165625 0.007812 0.164062 0.007812 0.154688 0.009375 0.153125 0.009375 0.145313 0.010937 0.143750 0.010937 0.135937 0.012500 0.134375 0.012500 0.126562 0.014063 0.125000 0.014063 0.120313
0 0.712500 0.017188 0.709375 0.045312 0.714063 0.079687 0.725000 0.110937 0.748437 0.137500 0.784375 0.157812 0.856250 0.184375 0.881250 0.181250 0.898438 0.168750 0.909375 0.140625 0.907813 0.106250 0.878125 0.070312 0.842187 0.046875 0.771875 0.015625 0.723437 0.006250
