0 0.351562 0.714063 0.342187 0.715625 0.312500 0.756250 0.282813 0.814063 0.267188 0.856250 0.260937 0.887500 0.262500 0.896875 0.268750 0.909375 0.278125 0.918750 0.290625 0.925000 0.303125 0.923438 0.328125 0.893750 0.357812 0.817187 0.365625 0.785937 0.350000 0.732812 0.354687 0.717187
0 0.417187 0.612500 0.398438 0.635938 0.395313 0.650000 0.398438 0.671875 0.412500 0.700000 0.460938 0.770312 0.476562 0.778125 0.487500 0.778125 0.507812 0.771875 0.539062 0.754687 0.548438 0.737500 0.546875 0.721875 0.535937 0.695312 0.512500 0.660937 0.470313 0.612500 0.451562 0.604688 0.435937 0.604688
0 0.584375 0.528125 0.570312 0.534375 0.543750 0.568750 0.540625 0.592187 0.548438 0.623437 0.579688 0.685937 0.593750 0.704688 0.603125 0.709375 0.639062 0.706250 0.657813 0.698438 0.678125 0.684375 0.681250 0.675000 0.679688 0.660937 0.659375 0.598437 0.629687 0.542188 0.615625 0.529687
0 0.700000 0.478125 0.689063 0.489063 0.681250 0.503125 0.678125 0.532813 0.701562 0.607812 0.710938 0.626563 0.721875 0.635938 0.739062 0.637500 0.776563 0.629687 0.806250 0.617188 0.812500 0.607812 0.810937 0.595313 0.785937 0.528125 0.764062 0.489063 0.751563 0.478125 0.732812 0.471875 0.717187 0.471875
0 0.173437 0.467187 0.173437 0.482812 0.176563 0.490625 0.187500 0.501563 0.206250 0.507812 0.250000 0.509375 0.267188 0.504687 0.278125 0.493750 0.285938 0.473438 0.303125 0.442188 0.298438 0.435937 0.282813 0.431250 0.229687 0.431250 0.207813 0.435937 0.193750 0.442188 0.179688 0.454688
0 0.857812 0.414062 0.839063 0.421875 0.829688 0.432812 0.826562 0.442188 0.826562 0.465625 0.848437 0.534375 0.853125 0.542188 0.860938 0.548438 0.873437 0.550000 0.918750 0.535937 0.926562 0.529687 0.929688 0.515625 0.921875 0.479687 0.898438 0.431250 0.890625 0.421875 0.879687 0.415625
0 0.332813 0.331250 0.328125 0.343750 0.328125 0.375000 0.350000 0.401562 0.371875 0.414062 0.421875 0.431250 0.450000 0.432812 0.459375 0.426563 0.478125 0.396875 0.490625 0.368750 0.496875 0.362500 0.495312 0.357812 0.468750 0.339062 0.434375 0.326562 0.393750 0.317188 0.351562 0.317188 0.343750 0.320312
0 0.506250 0.240625 0.498437 0.248438 0.489063 0.275000 0.489063 0.307812 0.493750 0.320312 0.509375 0.335938 0.545312 0.362500 0.584375 0.385937 0.603125 0.384375 0.610938 0.379688 0.643750 0.343750 0.651563 0.325000 0.650000 0.312500 0.596875 0.264062 0.567187 0.245312 0.539062 0.232813 0.521875 0.232813
0 0.645312 0.175000 0.629687 0.192188 0.623437 0.209375 0.625000 0.234375 0.635938 0.253125 0.681250 0.295312 0.706250 0.312500 0.721875 0.314063 0.740625 0.304688 0.757812 0.285938 0.768750 0.264062 0.762500 0.246875 0.751563 0.231250 0.706250 0.187500 0.679688 0.170313 0.659375 0.168750
0 0.775000 0.167187 0.776563 0.171875 0.787500 0.170313 0.800000 0.176563 0.820312 0.196875 0.832812 0.218750 0.839063 0.239063 0.846875 0.246875 0.884375 0.257812 0.914062 0.257812 0.928125 0.250000 0.929688 0.220312 0.915625 0.196875 0.895312 0.179688 0.870313 0.168750 0.842187 0.162500 0.784375 0.160938
