0 0.326562 0.776563 0.310937 0.778125 0.303125 0.787500 0.300000 0.798438 0.300000 0.857812 0.301563 0.859375 0.304688 0.912500 0.320312 0.909375 0.345313 0.909375 0.346875 0.901563 0.346875 0.818750 0.343750 0.795312 0.335938 0.781250
0 0.712500 0.775000 0.707812 0.775000 0.700000 0.779687 0.692187 0.787500 0.689063 0.798438 0.689063 0.853125 0.690625 0.854688 0.690625 0.881250 0.692187 0.882812 0.693750 0.910937 0.735938 0.907813 0.734375 0.803125 0.731250 0.790625 0.726562 0.782813
0 0.628125 0.704688 0.618750 0.710938 0.614062 0.717187 0.609375 0.739062 0.609375 0.775000 0.610938 0.776563 0.610938 0.792188 0.614062 0.806250 0.614062 0.821875 0.615625 0.823438 0.615625 0.832812 0.642188 0.834375 0.651563 0.829688 0.651563 0.812500 0.653125 0.810937 0.651563 0.731250 0.643750 0.709375
0 0.400000 0.690625 0.389062 0.690625 0.379688 0.698438 0.373437 0.718750 0.373437 0.770312 0.375000 0.771875 0.376563 0.815625 0.396875 0.815625 0.410938 0.810937 0.412500 0.806250 0.415625 0.728125 0.414062 0.726562 0.410938 0.703125 0.407813 0.696875
0 0.256250 0.681250 0.250000 0.682813 0.242188 0.690625 0.232813 0.710938 0.237500 0.814063 0.279687 0.810937 0.278125 0.757812 0.276562 0.756250 0.273438 0.706250 0.267188 0.689063
0 0.782813 0.678125 0.771875 0.678125 0.762500 0.682813 0.757812 0.690625 0.754687 0.701562 0.753125 0.785937 0.754687 0.787500 0.756250 0.809375 0.790625 0.807813 0.795312 0.806250 0.796875 0.801562 0.798438 0.757812 0.796875 0.756250 0.795312 0.701562 0.789062 0.685937
0 0.179688 0.540625 0.171875 0.543750 0.167187 0.548438 0.162500 0.560937 0.162500 0.565625 0.164062 0.567187 0.164062 0.617188 0.167187 0.625000 0.168750 0.645312 0.170313 0.646875 0.190625 0.646875 0.198437 0.643750 0.198437 0.620313 0.200000 0.618750 0.200000 0.607812 0.198437 0.606250 0.198437 0.575000 0.196875 0.573438 0.195312 0.553125 0.192188 0.548438 0.192188 0.545312 0.184375 0.540625
0 0.837500 0.523438 0.829688 0.528125 0.826562 0.537500 0.826562 0.553125 0.825000 0.554688 0.825000 0.570312 0.823438 0.571875 0.823438 0.621875 0.829688 0.621875 0.831250 0.623437 0.848437 0.626563 0.854688 0.621875 0.854688 0.610938 0.856250 0.609375 0.857812 0.587500 0.859375 0.585938 0.859375 0.545312 0.857812 0.543750 0.856250 0.534375 0.853125 0.529687 0.842187 0.523438
0 0.517188 0.376563 0.507812 0.378125 0.506250 0.395313 0.504687 0.396875 0.503125 0.481250 0.504687 0.482812 0.504687 0.504687 0.506250 0.510938 0.510938 0.514062 0.514062 0.498437 0.535937 0.484375 0.535937 0.407813 0.531250 0.390625 0.526563 0.381250
0 0.484375 0.376563 0.475000 0.384375 0.470313 0.395313 0.468750 0.440625 0.470313 0.442188 0.470313 0.457813 0.471875 0.459375 0.471875 0.484375 0.479687 0.493750 0.484375 0.496875 0.490625 0.496875 0.495312 0.503125 0.492188 0.515625 0.496875 0.509375 0.495312 0.381250 0.492188 0.378125
