0 0.668750 0.528125 0.660937 0.532813 0.653125 0.556250 0.648438 0.623437 0.648438 0.660937 0.659375 0.673438 0.673438 0.679688 0.685937 0.681250 0.692187 0.678125 0.700000 0.656250 0.704688 0.570312 0.700000 0.551562 0.692187 0.539062 0.679688 0.528125
0 0.601562 0.526563 0.595313 0.528125 0.589063 0.534375 0.582812 0.548438 0.578125 0.615625 0.578125 0.659375 0.587500 0.670312 0.609375 0.676562 0.623437 0.671875 0.629687 0.559375 0.626563 0.537500 0.623437 0.532813 0.615625 0.528125
0 0.434375 0.520312 0.414062 0.521875 0.404687 0.531250 0.401562 0.540625 0.400000 0.635938 0.403125 0.642188 0.421875 0.650000 0.423438 0.648438 0.434375 0.648438 0.442188 0.643750 0.445312 0.625000 0.448437 0.539062 0.445312 0.528125 0.440625 0.521875
0 0.756250 0.507812 0.745313 0.523438 0.740625 0.548438 0.732812 0.620313 0.732812 0.654687 0.748437 0.665625 0.767188 0.668750 0.773438 0.665625 0.776563 0.656250 0.784375 0.589063 0.785937 0.537500 0.782813 0.520312 0.773438 0.510938
0 0.362500 0.482812 0.353125 0.485938 0.348438 0.490625 0.340625 0.507812 0.339062 0.598437 0.340625 0.617188 0.346875 0.625000 0.354687 0.628125 0.371875 0.628125 0.384375 0.620313 0.387500 0.610938 0.387500 0.493750 0.384375 0.487500 0.376563 0.482812
0 0.539062 0.465625 0.532813 0.467187 0.529687 0.470313 0.523438 0.489063 0.521875 0.579688 0.531250 0.584375 0.546875 0.587500 0.553125 0.585938 0.559375 0.578125 0.560937 0.556250 0.562500 0.554688 0.565625 0.496875 0.564063 0.495312 0.562500 0.471875 0.557813 0.467187
0 0.290625 0.464062 0.279687 0.465625 0.265625 0.478125 0.259375 0.493750 0.256250 0.517188 0.257812 0.557813 0.267188 0.596875 0.267188 0.606250 0.270313 0.615625 0.285938 0.626563 0.295312 0.625000 0.303125 0.620313 0.310937 0.612500 0.312500 0.607812 0.312500 0.543750 0.309375 0.506250 0.303125 0.476562 0.300000 0.470313
0 0.468750 0.454688 0.465625 0.457813 0.462500 0.570312 0.464062 0.575000 0.471875 0.578125 0.484375 0.578125 0.496875 0.571875 0.498437 0.565625 0.498437 0.543750 0.500000 0.542188 0.500000 0.531250 0.498437 0.529687 0.498437 0.509375 0.500000 0.507812 0.498437 0.478125 0.493750 0.465625 0.484375 0.456250 0.481250 0.454688
0 0.875000 0.392188 0.875000 0.440625 0.870313 0.460938 0.860938 0.479687 0.860938 0.490625 0.864062 0.504687 0.875000 0.526563 0.890625 0.542188 0.904687 0.542188 0.909375 0.537500 0.918750 0.517188 0.920312 0.509375 0.918750 0.473438 0.912500 0.450000 0.901563 0.425000 0.885938 0.404687 0.876563 0.396875
0 0.164062 0.265625 0.159375 0.275000 0.150000 0.312500 0.142187 0.359375 0.143750 0.409375 0.150000 0.426563 0.156250 0.432812 0.165625 0.428125 0.173437 0.414062 0.182812 0.373437 0.178125 0.359375 0.175000 0.320312 0.170313 0.307812
