0 0.501563 0.748437 0.495312 0.753125 0.485938 0.767188 0.479687 0.773438 0.464062 0.796875 0.462500 0.801562 0.462500 0.807813 0.460938 0.809375 0.462500 0.831250 0.465625 0.840625 0.473438 0.846875 0.485938 0.845313 0.496875 0.835938 0.510938 0.817187 0.526563 0.787500 0.521875 0.771875 0.518750 0.768750 0.515625 0.760938 0.509375 0.753125
0 0.551562 0.701562 0.526563 0.717187 0.525000 0.720313 0.525000 0.735938 0.528125 0.748437 0.553125 0.810937 0.557813 0.815625 0.567187 0.815625 0.573438 0.812500 0.582812 0.801562 0.584375 0.770312 0.562500 0.709375 0.557813 0.701562
0 0.865625 0.415625 0.857812 0.420312 0.854688 0.425000 0.854688 0.445312 0.856250 0.446875 0.857812 0.465625 0.859375 0.467187 0.862500 0.482812 0.870313 0.503125 0.873437 0.506250 0.884375 0.506250 0.890625 0.503125 0.893750 0.496875 0.893750 0.473438 0.892188 0.471875 0.892188 0.465625 0.890625 0.464062 0.890625 0.456250 0.889062 0.454688 0.889062 0.450000 0.887500 0.448437 0.887500 0.443750 0.885938 0.442188 0.885938 0.437500 0.884375 0.435937 0.881250 0.420312 0.878125 0.415625
0 0.140625 0.335938 0.131250 0.335938 0.129688 0.343750 0.128125 0.345313 0.126562 0.359375 0.125000 0.360938 0.125000 0.365625 0.121875 0.373437 0.121875 0.381250 0.120313 0.382812 0.120313 0.390625 0.118750 0.392188 0.118750 0.400000 0.117188 0.401562 0.117188 0.417187 0.118750 0.418750 0.118750 0.423438 0.123438 0.428125 0.137500 0.428125 0.140625 0.426563 0.150000 0.406250 0.151562 0.393750 0.153125 0.392188 0.153125 0.382812 0.154688 0.381250 0.154688 0.373437 0.156250 0.371875 0.156250 0.359375 0.157812 0.357812 0.157812 0.343750
0 0.451562 0.270313 0.443750 0.270313 0.440625 0.276562 0.432812 0.300000 0.432812 0.304688 0.428125 0.318750 0.428125 0.325000 0.425000 0.332813 0.425000 0.339062 0.423438 0.340625 0.423438 0.360938 0.426563 0.367188 0.435937 0.373437 0.445312 0.373437 0.454688 0.362500 0.459375 0.350000 0.460938 0.337500 0.464062 0.329688 0.464062 0.321875 0.465625 0.320312 0.467187 0.292187 0.468750 0.290625 0.467187 0.278125 0.464062 0.275000 0.460938 0.275000
0 0.609375 0.254688 0.600000 0.262500 0.595313 0.275000 0.596875 0.310937 0.598437 0.312500 0.598437 0.320312 0.600000 0.321875 0.600000 0.332813 0.601562 0.334375 0.603125 0.346875 0.606250 0.353125 0.614062 0.359375 0.625000 0.359375 0.632812 0.356250 0.635938 0.353125 0.639062 0.345313 0.634375 0.281250 0.632812 0.279687 0.631250 0.265625 0.628125 0.259375 0.621875 0.254688
0 0.782813 0.248438 0.768750 0.254688 0.760938 0.260937 0.757812 0.267188 0.757812 0.281250 0.759375 0.282813 0.759375 0.290625 0.760938 0.292187 0.760938 0.298438 0.764062 0.306250 0.765625 0.321875 0.767188 0.323437 0.771875 0.346875 0.779687 0.356250 0.789062 0.357812 0.800000 0.353125 0.804688 0.348438 0.807813 0.337500 0.807813 0.326562 0.806250 0.325000 0.806250 0.312500 0.803125 0.303125 0.803125 0.295312 0.800000 0.287500 0.800000 0.281250 0.798438 0.279687 0.798438 0.273438 0.795312 0.267188 0.793750 0.256250 0.789062 0.248438
0 0.273438 0.214062 0.264062 0.214062 0.259375 0.220312 0.259375 0.225000 0.253125 0.242188 0.251563 0.254688 0.248438 0.260937 0.246875 0.276562 0.245312 0.278125 0.245312 0.287500 0.243750 0.289062 0.245312 0.306250 0.248438 0.312500 0.254688 0.318750 0.262500 0.318750 0.264062 0.320312 0.273438 0.315625 0.281250 0.301563 0.285938 0.287500 0.285938 0.282813 0.289062 0.276562 0.289062 0.271875 0.292187 0.264062 0.292187 0.253125 0.293750 0.251563 0.293750 0.225000 0.290625 0.221875
0 0.692187 0.156250 0.676562 0.162500 0.670312 0.168750 0.670312 0.193750 0.671875 0.195312 0.673438 0.218750 0.675000 0.220312 0.675000 0.228125 0.678125 0.235937 0.679688 0.248438 0.684375 0.259375 0.692187 0.264062 0.706250 0.264062 0.710938 0.262500 0.717187 0.253125 0.717187 0.217188 0.715625 0.215625 0.715625 0.206250 0.714063 0.204687 0.712500 0.190625 0.710938 0.189062 0.709375 0.176563 0.704688 0.160938 0.700000 0.156250
0 0.356250 0.156250 0.353125 0.181250 0.351562 0.182812 0.350000 0.198437 0.348438 0.200000 0.346875 0.221875 0.345313 0.223438 0.345313 0.250000 0.346875 0.253125 0.353125 0.257812 0.357812 0.259375 0.370312 0.259375 0.373437 0.257812 0.378125 0.251563 0.382812 0.239063 0.382812 0.231250 0.384375 0.229687 0.384375 0.221875 0.387500 0.210938 0.387500 0.200000 0.389062 0.198437 0.390625 0.167187 0.382812 0.160938 0.373437 0.156250
