0 0.201563 0.757812 0.192188 0.793750 0.237500 0.823438 0.279687 0.835938 0.284375 0.840625 0.292187 0.843750 0.301563 0.842187 0.303125 0.832812 0.301563 0.825000 0.287500 0.795312 0.271875 0.771875 0.259375 0.764062 0.218750 0.754687 0.207813 0.754687
0 0.967187 0.742188 0.957812 0.734375 0.950000 0.731250 0.906250 0.753125 0.901563 0.759375 0.898438 0.771875 0.895312 0.776563 0.893750 0.798438 0.896875 0.801562 0.917188 0.801562 0.950000 0.779687 0.970313 0.762500 0.970313 0.753125 0.968750 0.751563
0 0.870313 0.440625 0.862500 0.448437 0.860938 0.539062 0.865625 0.554688 0.881250 0.567187 0.906250 0.576562 0.909375 0.575000 0.910937 0.526563 0.912500 0.525000 0.912500 0.485938 0.909375 0.460938 0.895312 0.443750
0 0.256250 0.421875 0.246875 0.426563 0.240625 0.435937 0.235937 0.470313 0.240625 0.489063 0.246875 0.498437 0.250000 0.525000 0.257812 0.531250 0.267188 0.531250 0.270313 0.532813 0.284375 0.526563 0.289062 0.520312 0.289062 0.489063 0.279687 0.459375 0.278125 0.439063 0.270313 0.426563
0 0.692187 0.371875 0.678125 0.370312 0.664062 0.387500 0.657813 0.412500 0.650000 0.423438 0.643750 0.476562 0.651563 0.495312 0.656250 0.498437 0.668750 0.500000 0.675000 0.495312 0.698438 0.382812
0 0.307812 0.357812 0.296875 0.364063 0.287500 0.382812 0.287500 0.414062 0.293750 0.437500 0.310937 0.467187 0.315625 0.470313 0.325000 0.471875 0.335938 0.476562 0.350000 0.468750 0.353125 0.445312 0.321875 0.362500 0.318750 0.359375
0 0.437500 0.337500 0.428125 0.342187 0.421875 0.350000 0.418750 0.362500 0.420312 0.373437 0.432812 0.400000 0.464062 0.443750 0.482812 0.448437 0.489063 0.440625 0.489063 0.428125 0.490625 0.426563 0.489063 0.417187 0.473438 0.390625 0.467187 0.368750 0.450000 0.340625
0 0.750000 0.331250 0.734375 0.342187 0.731250 0.346875 0.720313 0.387500 0.712500 0.448437 0.717187 0.476562 0.725000 0.487500 0.742188 0.493750 0.748437 0.493750 0.751563 0.490625 0.759375 0.459375 0.775000 0.350000 0.764062 0.332813
0 0.814063 0.326562 0.796875 0.339062 0.787500 0.400000 0.789062 0.450000 0.796875 0.473438 0.807813 0.484375 0.817187 0.489063 0.832812 0.487500 0.840625 0.479687 0.845313 0.437500 0.843750 0.401562 0.846875 0.354687 0.843750 0.343750 0.834375 0.331250
0 0.357812 0.312500 0.348438 0.315625 0.339062 0.328125 0.339062 0.335938 0.337500 0.337500 0.339062 0.368750 0.356250 0.395313 0.364063 0.418750 0.371875 0.423438 0.387500 0.428125 0.396875 0.425000 0.403125 0.420312 0.406250 0.414062 0.406250 0.393750 0.385937 0.332813 0.375000 0.317188
