0 0.628125 0.715625 0.614062 0.718750 0.610938 0.723437 0.610938 0.728125 0.604688 0.743750 0.604688 0.748437 0.589063 0.795312 0.600000 0.809375 0.620313 0.815625 0.635938 0.798438 0.637500 0.784375 0.639062 0.782813 0.639062 0.773438 0.640625 0.771875 0.640625 0.762500 0.642188 0.760938 0.642188 0.753125 0.643750 0.751563 0.643750 0.740625 0.645312 0.739062 0.645312 0.729688
0 0.279687 0.696875 0.273438 0.700000 0.270313 0.707812 0.275000 0.787500 0.284375 0.800000 0.304688 0.800000 0.315625 0.779687 0.315625 0.775000 0.314063 0.773438 0.314063 0.754687 0.312500 0.753125 0.312500 0.735938 0.310937 0.734375 0.309375 0.698438
0 0.734375 0.660937 0.717187 0.668750 0.714063 0.671875 0.707812 0.690625 0.707812 0.695312 0.693750 0.734375 0.693750 0.740625 0.700000 0.753125 0.718750 0.760938 0.721875 0.760938 0.728125 0.756250 0.737500 0.728125 0.737500 0.723437 0.748437 0.693750 0.746875 0.675000
0 0.565625 0.603125 0.553125 0.603125 0.542188 0.614062 0.542188 0.617188 0.532813 0.637500 0.531250 0.645312 0.525000 0.657813 0.525000 0.681250 0.537500 0.696875 0.540625 0.695312 0.548438 0.695312 0.551562 0.692187 0.553125 0.687500 0.568750 0.664062 0.570312 0.643750 0.571875 0.642188 0.571875 0.629687 0.573438 0.628125 0.573438 0.617188 0.575000 0.615625
0 0.370312 0.603125 0.359375 0.614062 0.359375 0.625000 0.357812 0.626563 0.357812 0.675000 0.359375 0.676562 0.359375 0.693750 0.368750 0.704688 0.382812 0.704688 0.393750 0.695312 0.396875 0.687500 0.398438 0.676562 0.400000 0.675000 0.398438 0.671875 0.396875 0.631250 0.389062 0.606250
0 0.200000 0.600000 0.189062 0.612500 0.189062 0.629687 0.190625 0.631250 0.190625 0.675000 0.192188 0.676562 0.196875 0.700000 0.201563 0.700000 0.215625 0.704688 0.234375 0.695312 0.232813 0.693750 0.229687 0.634375 0.226562 0.628125 0.220312 0.601562 0.218750 0.600000
0 0.868750 0.557813 0.857812 0.567187 0.857812 0.571875 0.856250 0.573438 0.856250 0.578125 0.854688 0.579688 0.854688 0.584375 0.853125 0.585938 0.853125 0.590625 0.851562 0.592187 0.851562 0.596875 0.850000 0.598437 0.850000 0.603125 0.848437 0.604688 0.848437 0.609375 0.846875 0.610938 0.846875 0.615625 0.845313 0.617188 0.845313 0.621875 0.843750 0.623437 0.843750 0.628125 0.842187 0.629687 0.842187 0.634375 0.839063 0.642188 0.842187 0.642188 0.864062 0.651563 0.864062 0.648438 0.865625 0.646875 0.865625 0.642188 0.868750 0.635938 0.868750 0.631250 0.871875 0.625000 0.871875 0.620313 0.875000 0.614062 0.876563 0.603125 0.879687 0.596875 0.879687 0.592187 0.881250 0.590625 0.881250 0.585938 0.884375 0.578125 0.882812 0.562500 0.875000 0.559375 0.870313 0.559375
0 0.117188 0.442188 0.117188 0.448437 0.115625 0.450000 0.115625 0.456250 0.114062 0.457813 0.114062 0.465625 0.115625 0.467187 0.115625 0.473438 0.117188 0.475000 0.117188 0.482812 0.118750 0.484375 0.118750 0.490625 0.120313 0.492188 0.120313 0.500000 0.121875 0.501563 0.121875 0.507812 0.123438 0.509375 0.125000 0.525000 0.126562 0.526563 0.126562 0.529687 0.140625 0.529687 0.146875 0.523438 0.146875 0.520312 0.151562 0.509375 0.151562 0.501563 0.150000 0.500000 0.150000 0.493750 0.148438 0.492188 0.148438 0.485938 0.146875 0.484375 0.146875 0.478125 0.145313 0.476562 0.145313 0.468750 0.143750 0.467187 0.140625 0.445312 0.139063 0.443750 0.139063 0.440625
0 0.475000 0.146875 0.457813 0.157812 0.450000 0.168750 0.450000 0.175000 0.446875 0.182812 0.446875 0.195312 0.454688 0.220312 0.459375 0.248438 0.465625 0.262500 0.473438 0.264062 0.501563 0.246875 0.501563 0.231250 0.500000 0.229687 0.500000 0.223438 0.496875 0.215625 0.496875 0.209375 0.493750 0.201563 0.493750 0.195312 0.490625 0.187500 0.485938 0.160938
0 0.565625 0.125000 0.551562 0.125000 0.528125 0.148438 0.507812 0.179688 0.517188 0.210938 0.528125 0.220312 0.557813 0.190625 0.562500 0.184375 0.564063 0.178125 0.567187 0.173437 0.570312 0.164062 0.570312 0.145313 0.571875 0.140625
