0 0.459375 0.726562 0.453125 0.720313 0.437500 0.712500 0.434375 0.712500 0.432812 0.710938 0.420312 0.710938 0.417187 0.709375 0.414062 0.712500 0.407813 0.715625 0.390625 0.732812 0.389062 0.740625 0.395313 0.754687 0.398438 0.757812 0.404687 0.760938 0.407813 0.760938 0.409375 0.762500 0.423438 0.762500 0.442188 0.753125 0.454688 0.739062
0 0.393750 0.692187 0.387500 0.690625 0.382812 0.687500 0.379688 0.687500 0.375000 0.684375 0.357812 0.684375 0.356250 0.685937 0.348438 0.685937 0.345313 0.687500 0.339062 0.696875 0.337500 0.714063 0.335938 0.715625 0.335938 0.721875 0.334375 0.723437 0.334375 0.731250 0.335938 0.734375 0.345313 0.742188 0.351562 0.745313 0.356250 0.745313 0.357812 0.746875 0.360938 0.745313 0.368750 0.745313 0.378125 0.740625 0.389062 0.725000 0.398438 0.706250 0.398438 0.701562 0.400000 0.698438
0 0.528125 0.676562 0.526563 0.676562 0.525000 0.675000 0.521875 0.675000 0.520312 0.676562 0.520312 0.678125 0.515625 0.682813 0.515625 0.684375 0.512500 0.687500 0.512500 0.689063 0.507812 0.693750 0.507812 0.695312 0.504687 0.698438 0.504687 0.700000 0.500000 0.704688 0.500000 0.706250 0.496875 0.710938 0.496875 0.712500 0.498437 0.714063 0.506250 0.714063 0.507812 0.712500 0.510938 0.712500 0.528125 0.695312 0.528125 0.693750 0.531250 0.690625 0.531250 0.687500 0.532813 0.685937 0.532813 0.681250
0 0.332813 0.640625 0.329688 0.640625 0.323437 0.637500 0.298438 0.637500 0.295312 0.640625 0.293750 0.640625 0.287500 0.646875 0.284375 0.653125 0.284375 0.656250 0.282813 0.657813 0.281250 0.670312 0.279687 0.671875 0.279687 0.676562 0.278125 0.678125 0.281250 0.684375 0.295312 0.696875 0.304688 0.696875 0.306250 0.698438 0.307812 0.696875 0.312500 0.696875 0.325000 0.685937 0.326562 0.685937 0.328125 0.679688 0.339062 0.657813 0.339062 0.645312
0 0.470313 0.420312 0.470313 0.429688 0.473438 0.432812 0.475000 0.432812 0.478125 0.435937 0.481250 0.435937 0.489063 0.440625 0.492188 0.440625 0.493750 0.442188 0.495312 0.442188 0.500000 0.445312 0.503125 0.445312 0.507812 0.448437 0.520312 0.448437 0.521875 0.446875 0.525000 0.446875 0.526563 0.445312 0.528125 0.445312 0.531250 0.440625 0.529687 0.439063 0.528125 0.439063 0.526563 0.437500 0.525000 0.437500 0.523438 0.435937 0.521875 0.435937 0.520312 0.434375 0.518750 0.434375 0.517188 0.432812 0.515625 0.432812 0.514062 0.431250 0.512500 0.431250 0.510938 0.429688 0.500000 0.425000 0.487500 0.414062 0.478125 0.414062
0 0.542188 0.421875 0.542188 0.429688 0.546875 0.434375 0.548438 0.434375 0.565625 0.450000 0.579688 0.456250 0.585938 0.456250 0.587500 0.457813 0.589063 0.456250 0.603125 0.454688 0.610938 0.451562 0.620313 0.443750 0.620313 0.431250 0.617188 0.426563 0.610938 0.420312 0.609375 0.420312 0.582812 0.398438 0.568750 0.398438 0.554688 0.410938 0.545312 0.417187
0 0.318750 0.385937 0.315625 0.382812 0.312500 0.384375 0.306250 0.384375 0.304688 0.385937 0.292187 0.389062 0.287500 0.392188 0.284375 0.392188 0.262500 0.403125 0.259375 0.406250 0.248438 0.410938 0.239063 0.418750 0.237500 0.418750 0.234375 0.421875 0.234375 0.429688 0.242188 0.435937 0.254688 0.435937 0.260937 0.432812 0.265625 0.432812 0.276562 0.426563 0.282813 0.425000 0.309375 0.404687 0.309375 0.403125 0.318750 0.392188
0 0.598437 0.385937 0.596875 0.389062 0.596875 0.396875 0.600000 0.403125 0.626563 0.429688 0.639062 0.435937 0.653125 0.435937 0.657813 0.437500 0.664062 0.434375 0.673438 0.432812 0.679688 0.425000 0.685937 0.410938 0.684375 0.403125 0.654687 0.373437 0.645312 0.367188 0.640625 0.368750 0.625000 0.368750 0.606250 0.378125
0 0.639062 0.315625 0.637500 0.318750 0.637500 0.323437 0.642188 0.328125 0.642188 0.329688 0.651563 0.339062 0.651563 0.340625 0.660937 0.350000 0.660937 0.351562 0.667188 0.357812 0.673438 0.360938 0.693750 0.360938 0.701562 0.356250 0.704688 0.356250 0.710938 0.348438 0.710938 0.345313 0.714063 0.339062 0.710938 0.331250 0.704688 0.323437 0.703125 0.318750 0.696875 0.309375 0.684375 0.298438 0.662500 0.298438 0.653125 0.303125
0 0.590625 0.050000 0.592187 0.053125 0.603125 0.057813 0.614062 0.068750 0.621875 0.071875 0.632812 0.079687 0.645312 0.085938 0.648438 0.085938 0.650000 0.087500 0.653125 0.087500 0.654687 0.089063 0.657813 0.089063 0.659375 0.090625 0.662500 0.090625 0.668750 0.093750 0.657813 0.082812 0.657813 0.081250 0.656250 0.081250 0.639062 0.068750 0.634375 0.067187 0.621875 0.057813 0.612500 0.053125 0.609375 0.053125 0.601562 0.048438 0.598437 0.050000
