0 0.429688 0.796875 0.429688 0.815625 0.437500 0.835938 0.453125 0.848437 0.496875 0.857812 0.515625 0.853125 0.535937 0.840625 0.545312 0.828125 0.546875 0.815625 0.542188 0.796875 0.534375 0.789062 0.518750 0.785937 0.496875 0.776563 0.485938 0.775000 0.454688 0.776563 0.439063 0.782813
0 0.100000 0.734375 0.101562 0.750000 0.112500 0.759375 0.132812 0.760938 0.134375 0.762500 0.193750 0.762500 0.220312 0.740625 0.220312 0.729688 0.209375 0.718750 0.193750 0.718750 0.192188 0.717187 0.150000 0.717187 0.148438 0.718750 0.115625 0.723437
0 0.201563 0.642188 0.203125 0.646875 0.215625 0.660937 0.246875 0.678125 0.260937 0.682813 0.278125 0.681250 0.306250 0.668750 0.326562 0.653125 0.285938 0.628125 0.256250 0.614062 0.229687 0.615625 0.212500 0.626563
0 0.301563 0.571875 0.301563 0.587500 0.309375 0.600000 0.326562 0.612500 0.353125 0.626563 0.359375 0.626563 0.385937 0.614062 0.403125 0.609375 0.412500 0.593750 0.400000 0.584375 0.368750 0.570312 0.357812 0.562500 0.326562 0.559375 0.325000 0.560937 0.312500 0.562500
0 0.393750 0.546875 0.398438 0.565625 0.400000 0.565625 0.412500 0.576562 0.414062 0.576562 0.418750 0.581250 0.423438 0.582812 0.426563 0.585938 0.434375 0.585938 0.435937 0.584375 0.440625 0.584375 0.450000 0.579688 0.453125 0.579688 0.454688 0.578125 0.457813 0.578125 0.462500 0.575000 0.468750 0.573438 0.464062 0.568750 0.459375 0.560937 0.450000 0.551562 0.448437 0.551562 0.426563 0.535937 0.420312 0.535937 0.418750 0.534375 0.412500 0.534375 0.410938 0.532813 0.407813 0.532813 0.404687 0.534375
0 0.712500 0.467187 0.703125 0.462500 0.700000 0.462500 0.698438 0.460938 0.693750 0.460938 0.692187 0.459375 0.687500 0.459375 0.681250 0.456250 0.676562 0.456250 0.675000 0.454688 0.670312 0.454688 0.667188 0.453125 0.662500 0.457813 0.660937 0.457813 0.640625 0.478125 0.635938 0.487500 0.642188 0.493750 0.642188 0.495312 0.645312 0.495312 0.651563 0.498437 0.656250 0.498437 0.657813 0.500000 0.660937 0.500000 0.662500 0.498437 0.670312 0.498437 0.685937 0.490625 0.690625 0.485938 0.692187 0.485938 0.696875 0.481250 0.698438 0.481250 0.704688 0.475000 0.706250 0.475000 0.712500 0.468750
0 0.665625 0.387500 0.651563 0.373437 0.646875 0.373437 0.639062 0.370312 0.620313 0.370312 0.606250 0.378125 0.587500 0.384375 0.568750 0.395313 0.565625 0.407813 0.578125 0.418750 0.592187 0.423438 0.593750 0.421875 0.607812 0.421875 0.628125 0.414062 0.632812 0.414062 0.646875 0.409375 0.650000 0.406250 0.664062 0.400000
0 0.532813 0.362500 0.528125 0.353125 0.515625 0.345313 0.506250 0.342187 0.500000 0.342187 0.498437 0.340625 0.490625 0.340625 0.489063 0.342187 0.475000 0.342187 0.465625 0.346875 0.437500 0.356250 0.431250 0.360938 0.421875 0.373437 0.435937 0.387500 0.440625 0.389062 0.453125 0.389062 0.454688 0.390625 0.459375 0.389062 0.478125 0.389062 0.485938 0.385937 0.492188 0.385937 0.493750 0.384375 0.500000 0.384375 0.507812 0.381250 0.520312 0.379688 0.526563 0.373437
0 0.473438 0.296875 0.471875 0.295312 0.471875 0.287500 0.470313 0.285938 0.468750 0.273438 0.451562 0.260937 0.431250 0.262500 0.429688 0.264062 0.426563 0.264062 0.410938 0.270313 0.398438 0.271875 0.393750 0.275000 0.389062 0.284375 0.395313 0.296875 0.404687 0.303125 0.446875 0.303125 0.448437 0.301563 0.454688 0.301563 0.456250 0.300000 0.462500 0.300000 0.464062 0.298438 0.470313 0.298438
0 0.784375 0.256250 0.775000 0.240625 0.756250 0.232813 0.737500 0.232813 0.735938 0.234375 0.715625 0.235937 0.703125 0.242188 0.692187 0.257812 0.692187 0.273438 0.693750 0.275000 0.695312 0.285938 0.710938 0.295312 0.748437 0.295312 0.757812 0.292187 0.765625 0.292187 0.782813 0.279687 0.784375 0.275000
