0 0.600000 0.915625 0.598437 0.915625 0.595313 0.912500 0.593750 0.912500 0.592187 0.914062 0.587500 0.915625 0.584375 0.918750 0.579688 0.920312 0.576562 0.923438 0.575000 0.923438 0.573438 0.925000 0.568750 0.926562 0.565625 0.929688 0.560937 0.931250 0.560937 0.935937 0.562500 0.937500 0.562500 0.942187 0.564063 0.943750 0.564063 0.954688 0.567187 0.954688 0.568750 0.953125 0.571875 0.953125 0.573438 0.951562 0.575000 0.951562 0.578125 0.948438 0.579688 0.948438 0.584375 0.943750 0.585938 0.943750 0.596875 0.932813 0.596875 0.931250 0.601562 0.926562 0.601562 0.920312 0.600000 0.918750
0 0.353125 0.879687 0.348438 0.871875 0.346875 0.871875 0.343750 0.868750 0.342187 0.868750 0.340625 0.867188 0.337500 0.867188 0.335938 0.865625 0.323437 0.865625 0.321875 0.867188 0.314063 0.867188 0.312500 0.868750 0.301563 0.870313 0.300000 0.871875 0.282813 0.879687 0.284375 0.879687 0.289062 0.884375 0.290625 0.884375 0.293750 0.887500 0.295312 0.887500 0.301563 0.893750 0.301563 0.896875 0.303125 0.898438 0.315625 0.898438 0.317188 0.896875 0.328125 0.896875 0.329688 0.895312 0.334375 0.895312 0.335938 0.893750 0.339062 0.893750 0.340625 0.892188 0.345313 0.890625 0.351562 0.884375 0.351562 0.881250
0 0.298438 0.831250 0.298438 0.826562 0.296875 0.825000 0.296875 0.821875 0.293750 0.818750 0.292187 0.818750 0.285938 0.814063 0.276562 0.814063 0.275000 0.812500 0.271875 0.812500 0.270313 0.814063 0.264062 0.814063 0.262500 0.815625 0.254688 0.815625 0.253125 0.817187 0.246875 0.817187 0.245312 0.818750 0.237500 0.818750 0.235937 0.820312 0.229687 0.820312 0.228125 0.821875 0.237500 0.826562 0.245312 0.834375 0.248438 0.840625 0.248438 0.843750 0.276562 0.843750 0.278125 0.842187 0.281250 0.842187 0.282813 0.840625 0.285938 0.840625 0.287500 0.839063 0.290625 0.839063 0.293750 0.837500
0 0.321875 0.771875 0.317188 0.767188 0.317188 0.765625 0.309375 0.759375 0.296875 0.759375 0.295312 0.760938 0.290625 0.760938 0.285938 0.764062 0.282813 0.764062 0.281250 0.765625 0.279687 0.765625 0.262500 0.775000 0.259375 0.775000 0.254688 0.778125 0.256250 0.778125 0.260937 0.782813 0.262500 0.782813 0.270313 0.790625 0.271875 0.798438 0.278125 0.798438 0.279687 0.796875 0.285938 0.796875 0.287500 0.795312 0.292187 0.795312 0.293750 0.793750 0.298438 0.793750 0.300000 0.792188 0.301563 0.792188 0.309375 0.785937 0.314063 0.784375 0.320312 0.778125 0.320312 0.773438
0 0.350000 0.695312 0.345313 0.690625 0.343750 0.690625 0.342187 0.689063 0.329688 0.689063 0.328125 0.690625 0.325000 0.690625 0.323437 0.692187 0.320312 0.692187 0.318750 0.693750 0.317188 0.693750 0.315625 0.695312 0.314063 0.695312 0.312500 0.696875 0.307812 0.698438 0.304688 0.701562 0.300000 0.703125 0.300000 0.704688 0.296875 0.709375 0.300000 0.709375 0.301563 0.710938 0.306250 0.710938 0.312500 0.717187 0.312500 0.720313 0.314063 0.721875 0.314063 0.723437 0.315625 0.721875 0.317188 0.721875 0.318750 0.720313 0.320312 0.720313 0.321875 0.718750 0.323437 0.718750 0.331250 0.714063 0.334375 0.714063 0.335938 0.712500 0.337500 0.712500 0.339062 0.710938 0.343750 0.709375 0.350000 0.703125
0 0.398438 0.656250 0.404687 0.662500 0.404687 0.664062 0.423438 0.682813 0.425000 0.682813 0.429688 0.685937 0.434375 0.685937 0.435937 0.687500 0.440625 0.687500 0.442188 0.685937 0.445312 0.685937 0.446875 0.684375 0.446875 0.682813 0.448437 0.681250 0.448437 0.679688 0.446875 0.678125 0.446875 0.675000 0.429688 0.657813 0.428125 0.657813 0.417187 0.646875 0.414062 0.646875 0.410938 0.650000 0.409375 0.650000 0.407813 0.651563 0.406250 0.651563
0 0.707812 0.593750 0.707812 0.595313 0.712500 0.600000 0.712500 0.601562 0.714063 0.603125 0.715625 0.603125 0.718750 0.606250 0.720313 0.606250 0.721875 0.607812 0.726562 0.609375 0.729688 0.612500 0.731250 0.612500 0.732812 0.614062 0.734375 0.614062 0.737500 0.617188 0.739062 0.617188 0.740625 0.618750 0.745313 0.620313 0.748437 0.623437 0.750000 0.623437 0.757812 0.628125 0.760938 0.628125 0.762500 0.629687 0.762500 0.628125 0.759375 0.625000 0.759375 0.623437 0.754687 0.618750 0.753125 0.618750 0.748437 0.614062 0.746875 0.614062 0.739062 0.607812 0.734375 0.606250 0.731250 0.603125 0.729688 0.603125 0.721875 0.598437 0.718750 0.598437 0.717187 0.596875 0.714063 0.596875 0.712500 0.595313 0.709375 0.595313
0 0.345313 0.589063 0.346875 0.590625 0.346875 0.592187 0.353125 0.598437 0.354687 0.598437 0.367188 0.607812 0.371875 0.609375 0.379688 0.615625 0.382812 0.615625 0.384375 0.617188 0.400000 0.617188 0.401562 0.615625 0.403125 0.615625 0.403125 0.614062 0.406250 0.610938 0.406250 0.607812 0.407813 0.606250 0.407813 0.604688 0.406250 0.603125 0.404687 0.603125 0.401562 0.600000 0.400000 0.600000 0.396875 0.596875 0.395313 0.596875 0.392188 0.593750 0.390625 0.593750 0.378125 0.584375 0.373437 0.582812 0.360938 0.573438
0 0.326562 0.539062 0.343750 0.553125 0.348438 0.554688 0.356250 0.560937 0.359375 0.560937 0.367188 0.565625 0.379688 0.565625 0.381250 0.564063 0.384375 0.564063 0.387500 0.562500 0.393750 0.556250 0.393750 0.553125 0.395313 0.551562 0.395313 0.546875 0.392188 0.543750 0.392188 0.542188 0.390625 0.542188 0.382812 0.535937 0.370312 0.529687 0.367188 0.529687 0.356250 0.523438 0.353125 0.523438 0.348438 0.520312 0.346875 0.520312
0 0.404687 0.529687 0.414062 0.539062 0.414062 0.540625 0.415625 0.542188 0.420312 0.543750 0.423438 0.546875 0.428125 0.548438 0.431250 0.551562 0.432812 0.551562 0.440625 0.556250 0.445312 0.556250 0.446875 0.557813 0.460938 0.557813 0.464062 0.554688 0.465625 0.554688 0.471875 0.546875 0.471875 0.543750 0.468750 0.540625 0.468750 0.539062 0.464062 0.534375 0.462500 0.534375 0.454688 0.528125 0.453125 0.528125 0.451562 0.526563 0.448437 0.526563 0.446875 0.525000 0.443750 0.525000 0.439063 0.521875 0.435937 0.521875 0.434375 0.520312 0.432812 0.520312 0.431250 0.518750 0.428125 0.518750 0.423438 0.515625 0.420312 0.515625 0.415625 0.520312 0.414062 0.520312
