0 0.462500 0.696875 0.451562 0.695312 0.409375 0.717187 0.354687 0.767188 0.346875 0.779687 0.348438 0.796875 0.371875 0.818750 0.398438 0.820312 0.418750 0.810937 0.451562 0.784375 0.479687 0.754687 0.490625 0.735938
0 0.720313 0.634375 0.721875 0.676562 0.728125 0.685937 0.743750 0.690625 0.798438 0.695312 0.850000 0.689063 0.865625 0.679688 0.875000 0.660937 0.873437 0.640625 0.860938 0.625000 0.793750 0.618750 0.728125 0.628125
0 0.517188 0.607812 0.493750 0.565625 0.484375 0.556250 0.475000 0.553125 0.409375 0.578125 0.339062 0.621875 0.329688 0.634375 0.326562 0.662500 0.340625 0.684375 0.359375 0.696875 0.376563 0.700000 0.409375 0.689063 0.464062 0.659375 0.501563 0.629687
0 0.775000 0.535937 0.770312 0.523438 0.754687 0.507812 0.718750 0.501563 0.618750 0.512500 0.590625 0.523438 0.579688 0.532813 0.578125 0.553125 0.589063 0.587500 0.595313 0.596875 0.629687 0.601562 0.665625 0.600000 0.712500 0.593750 0.754687 0.582812 0.770312 0.567187
0 0.492188 0.514062 0.473438 0.464062 0.465625 0.456250 0.448437 0.454688 0.365625 0.468750 0.309375 0.490625 0.287500 0.507812 0.279687 0.534375 0.284375 0.559375 0.301563 0.579688 0.320312 0.587500 0.353125 0.585938 0.396875 0.576562 0.435937 0.562500 0.442188 0.554688 0.453125 0.551562 0.490625 0.526563
0 0.726562 0.376563 0.706250 0.370312 0.667188 0.379688 0.596875 0.407813 0.545312 0.442188 0.551562 0.468750 0.568750 0.503125 0.576562 0.510938 0.631250 0.504687 0.687500 0.489063 0.740625 0.462500 0.750000 0.451562 0.753125 0.426563 0.746875 0.400000
0 0.365625 0.367188 0.359375 0.359375 0.329688 0.356250 0.240625 0.367188 0.193750 0.382812 0.184375 0.392188 0.176563 0.412500 0.185938 0.450000 0.201563 0.464062 0.228125 0.470313 0.306250 0.454688 0.357812 0.434375 0.376563 0.418750 0.376563 0.401562
0 0.703125 0.271875 0.689063 0.257812 0.673438 0.250000 0.650000 0.246875 0.626563 0.256250 0.571875 0.289062 0.523438 0.331250 0.518750 0.339062 0.521875 0.351562 0.553125 0.396875 0.567187 0.400000 0.617188 0.378125 0.664062 0.353125 0.703125 0.323437 0.712500 0.303125 0.712500 0.290625
0 0.267188 0.285938 0.270313 0.295312 0.284375 0.304688 0.300000 0.307812 0.339062 0.285938 0.351562 0.284375 0.353125 0.282813 0.371875 0.285938 0.376563 0.281250 0.375000 0.273438 0.356250 0.253125 0.345313 0.248438 0.342187 0.245312 0.317188 0.242188 0.292187 0.248438 0.270313 0.271875
0 0.554688 0.134375 0.535937 0.121875 0.510938 0.118750 0.509375 0.117188 0.503125 0.117188 0.482812 0.123438 0.464062 0.140625 0.457813 0.151562 0.456250 0.165625 0.459375 0.175000 0.468750 0.171875 0.473438 0.162500 0.479687 0.156250 0.493750 0.146875 0.498437 0.146875 0.518750 0.140625 0.553125 0.140625
