0 0.559375 0.865625 0.556250 0.856250 0.545312 0.848437 0.514062 0.846875 0.512500 0.848437 0.487500 0.848437 0.485938 0.850000 0.476562 0.850000 0.475000 0.851562 0.460938 0.853125 0.460938 0.875000 0.462500 0.876563 0.462500 0.882812 0.465625 0.884375 0.485938 0.884375 0.487500 0.885938 0.495312 0.885938 0.496875 0.884375 0.521875 0.884375 0.523438 0.882812 0.542188 0.881250 0.554688 0.876563 0.559375 0.868750
0 0.396875 0.809375 0.387500 0.800000 0.375000 0.795312 0.332813 0.796875 0.331250 0.798438 0.318750 0.798438 0.268750 0.806250 0.273438 0.845313 0.278125 0.848437 0.300000 0.848437 0.301563 0.846875 0.314063 0.846875 0.375000 0.837500 0.389062 0.829688 0.398438 0.820312
0 0.289062 0.759375 0.282813 0.750000 0.262500 0.742188 0.248438 0.742188 0.228125 0.746875 0.204687 0.748437 0.168750 0.756250 0.160938 0.756250 0.154688 0.762500 0.159375 0.773438 0.165625 0.800000 0.176563 0.800000 0.256250 0.789062 0.273438 0.784375 0.282813 0.778125 0.287500 0.771875
0 0.342187 0.667188 0.326562 0.657813 0.309375 0.656250 0.307812 0.657813 0.278125 0.659375 0.218750 0.671875 0.214062 0.676562 0.223438 0.707812 0.225000 0.709375 0.237500 0.709375 0.239063 0.707812 0.260937 0.706250 0.262500 0.704688 0.309375 0.698438 0.326562 0.693750 0.340625 0.684375
0 0.635938 0.518750 0.632812 0.512500 0.621875 0.512500 0.620313 0.510938 0.617188 0.512500 0.601562 0.512500 0.600000 0.514062 0.575000 0.514062 0.573438 0.515625 0.545312 0.517188 0.543750 0.518750 0.507812 0.523438 0.506250 0.529687 0.520312 0.529687 0.534375 0.542188 0.539062 0.551562 0.548438 0.551562 0.550000 0.550000 0.559375 0.550000 0.560937 0.548438 0.570312 0.548438 0.582812 0.545312 0.595313 0.545312 0.615625 0.540625 0.623437 0.537500 0.634375 0.529687
0 0.629687 0.484375 0.626563 0.479687 0.621875 0.478125 0.596875 0.478125 0.595313 0.479687 0.578125 0.479687 0.576562 0.481250 0.564063 0.481250 0.562500 0.482812 0.551562 0.482812 0.537500 0.485938 0.525000 0.485938 0.521875 0.492188 0.523438 0.498437 0.520312 0.506250 0.501563 0.510938 0.501563 0.514062 0.510938 0.518750 0.512500 0.517188 0.521875 0.517188 0.545312 0.512500 0.568750 0.510938 0.623437 0.495312 0.628125 0.492188
0 0.310937 0.431250 0.303125 0.423438 0.295312 0.423438 0.284375 0.420312 0.267188 0.420312 0.265625 0.421875 0.250000 0.421875 0.248438 0.423438 0.235937 0.423438 0.221875 0.426563 0.187500 0.428125 0.184375 0.429688 0.182812 0.435937 0.184375 0.437500 0.185938 0.454688 0.190625 0.467187 0.206250 0.468750 0.207813 0.467187 0.239063 0.467187 0.240625 0.465625 0.289062 0.459375 0.306250 0.450000 0.310937 0.442188
0 0.212500 0.371875 0.203125 0.360938 0.192188 0.356250 0.150000 0.359375 0.076563 0.371875 0.079687 0.393750 0.084375 0.407813 0.089063 0.414062 0.160938 0.406250 0.195312 0.398438 0.210938 0.387500
0 0.290625 0.296875 0.279687 0.282813 0.262500 0.278125 0.260937 0.279687 0.243750 0.279687 0.201563 0.285938 0.160938 0.295312 0.165625 0.318750 0.171875 0.335938 0.259375 0.321875 0.279687 0.314063 0.289062 0.304688
0 0.414062 0.203125 0.410938 0.198437 0.392188 0.192188 0.390625 0.193750 0.382812 0.193750 0.381250 0.195312 0.373437 0.195312 0.371875 0.196875 0.364063 0.196875 0.362500 0.198437 0.354687 0.198437 0.353125 0.200000 0.345313 0.200000 0.343750 0.201563 0.335938 0.201563 0.334375 0.203125 0.310937 0.206250 0.309375 0.207813 0.309375 0.214062 0.315625 0.232813 0.318750 0.235937 0.334375 0.235937 0.335938 0.234375 0.346875 0.234375 0.348438 0.232813 0.381250 0.229687 0.382812 0.228125 0.403125 0.223438 0.412500 0.215625 0.415625 0.209375 0.414062 0.207813
