0 0.742188 0.700000 0.740625 0.706250 0.740625 0.721875 0.742188 0.725000 0.750000 0.732812 0.767188 0.739062 0.771875 0.739062 0.790625 0.745313 0.821875 0.746875 0.823438 0.745313 0.837500 0.743750 0.846875 0.739062 0.850000 0.734375 0.850000 0.726562 0.851562 0.725000 0.850000 0.712500 0.832812 0.703125 0.814063 0.700000 0.812500 0.698438 0.801562 0.698438 0.800000 0.696875 0.792188 0.696875 0.781250 0.693750 0.768750 0.693750 0.767188 0.692187 0.756250 0.692187
0 0.446875 0.682813 0.428125 0.676562 0.403125 0.675000 0.381250 0.678125 0.359375 0.687500 0.351562 0.700000 0.343750 0.729688 0.345313 0.756250 0.351562 0.765625 0.373437 0.776563 0.421875 0.776563 0.437500 0.773438 0.454688 0.764062 0.462500 0.754687 0.465625 0.745313 0.464062 0.712500 0.454688 0.690625
0 0.717187 0.554688 0.715625 0.550000 0.707812 0.542188 0.696875 0.540625 0.695312 0.539062 0.684375 0.539062 0.682813 0.540625 0.678125 0.540625 0.673438 0.543750 0.668750 0.543750 0.659375 0.546875 0.635938 0.559375 0.632812 0.559375 0.623437 0.564063 0.623437 0.576562 0.629687 0.584375 0.639062 0.589063 0.657813 0.589063 0.659375 0.590625 0.679688 0.589063 0.695312 0.582812 0.714063 0.570312 0.717187 0.567187
0 0.575000 0.500000 0.559375 0.492188 0.534375 0.492188 0.532813 0.493750 0.529687 0.493750 0.517188 0.500000 0.509375 0.507812 0.509375 0.509375 0.498437 0.520312 0.492188 0.532813 0.496875 0.540625 0.507812 0.545312 0.514062 0.545312 0.515625 0.546875 0.535937 0.546875 0.537500 0.545312 0.548438 0.545312 0.560937 0.539062 0.573438 0.528125 0.575000 0.518750 0.576562 0.517188
0 0.390625 0.435937 0.381250 0.432812 0.373437 0.432812 0.371875 0.431250 0.357812 0.431250 0.356250 0.432812 0.351562 0.432812 0.342187 0.439063 0.335938 0.450000 0.334375 0.459375 0.329688 0.468750 0.329688 0.473438 0.326562 0.479687 0.325000 0.492188 0.323437 0.493750 0.325000 0.498437 0.331250 0.504687 0.340625 0.506250 0.342187 0.507812 0.365625 0.507812 0.367188 0.506250 0.378125 0.504687 0.389062 0.495312 0.396875 0.476562 0.396875 0.470313 0.398438 0.468750 0.398438 0.462500 0.396875 0.460938 0.396875 0.442188
0 0.690625 0.256250 0.689063 0.260937 0.689063 0.276562 0.690625 0.281250 0.695312 0.287500 0.710938 0.296875 0.729688 0.303125 0.753125 0.304688 0.754687 0.303125 0.760938 0.303125 0.770312 0.300000 0.779687 0.293750 0.779687 0.278125 0.778125 0.273438 0.770312 0.262500 0.753125 0.248438 0.735938 0.239063 0.726562 0.239063 0.725000 0.237500 0.709375 0.239063 0.698438 0.245312
0 0.548438 0.209375 0.542188 0.218750 0.542188 0.240625 0.546875 0.246875 0.550000 0.254688 0.556250 0.262500 0.568750 0.270313 0.593750 0.270313 0.595313 0.268750 0.603125 0.268750 0.615625 0.259375 0.615625 0.245312 0.614062 0.243750 0.614062 0.237500 0.609375 0.228125 0.609375 0.225000 0.606250 0.218750 0.592187 0.204687 0.582812 0.203125 0.581250 0.201563 0.573438 0.201563 0.571875 0.203125 0.557813 0.204687
0 0.412500 0.198437 0.406250 0.203125 0.404687 0.203125 0.398438 0.212500 0.396875 0.225000 0.395313 0.226562 0.396875 0.228125 0.396875 0.237500 0.401562 0.246875 0.407813 0.253125 0.410938 0.253125 0.417187 0.256250 0.429688 0.256250 0.431250 0.254688 0.435937 0.254688 0.439063 0.253125 0.450000 0.242188 0.451562 0.239063 0.451562 0.234375 0.453125 0.231250 0.451562 0.229687 0.451562 0.221875 0.450000 0.220312 0.450000 0.215625 0.445312 0.206250 0.437500 0.200000 0.434375 0.200000 0.432812 0.198437
0 0.732812 0.121875 0.731250 0.134375 0.734375 0.142187 0.746875 0.153125 0.759375 0.159375 0.770312 0.160938 0.771875 0.162500 0.781250 0.162500 0.782813 0.164062 0.792188 0.164062 0.793750 0.165625 0.818750 0.164062 0.832812 0.151562 0.835938 0.142187 0.831250 0.126562 0.817187 0.114062 0.800000 0.106250 0.789062 0.106250 0.787500 0.104688 0.754687 0.104688 0.743750 0.107813 0.739062 0.110937
0 0.568750 0.087500 0.564063 0.098437 0.565625 0.118750 0.570312 0.126562 0.576562 0.132812 0.582812 0.135937 0.592187 0.135937 0.593750 0.137500 0.618750 0.137500 0.635938 0.131250 0.642188 0.123438 0.645312 0.114062 0.645312 0.109375 0.646875 0.107813 0.646875 0.098437 0.643750 0.093750 0.642188 0.087500 0.634375 0.079687 0.629687 0.078125 0.620313 0.078125 0.618750 0.076563 0.603125 0.076563 0.600000 0.075000 0.598437 0.076563 0.589063 0.076563 0.587500 0.078125 0.576562 0.079687
