0 0.703125 0.653125 0.698438 0.659375 0.695312 0.678125 0.695312 0.723437 0.703125 0.789062 0.714063 0.826562 0.728125 0.854688 0.742188 0.868750 0.751563 0.873437 0.779687 0.873437 0.790625 0.862500 0.793750 0.842187 0.784375 0.789062 0.739062 0.693750
0 0.337500 0.621875 0.329688 0.620313 0.220312 0.676562 0.192188 0.726562 0.187500 0.760938 0.203125 0.779687 0.218750 0.787500 0.240625 0.787500 0.256250 0.779687 0.292187 0.737500 0.329688 0.659375
0 0.500000 0.428125 0.489063 0.414062 0.462500 0.409375 0.429688 0.410938 0.379688 0.421875 0.323437 0.450000 0.301563 0.468750 0.296875 0.489063 0.301563 0.525000 0.312500 0.545312 0.320312 0.551562 0.342187 0.553125 0.410938 0.525000 0.448437 0.503125 0.487500 0.468750 0.498437 0.448437
0 0.581250 0.420312 0.582812 0.445312 0.601562 0.481250 0.637500 0.525000 0.671875 0.553125 0.700000 0.568750 0.717187 0.573438 0.742188 0.556250 0.754687 0.529687 0.759375 0.509375 0.757812 0.498437 0.740625 0.471875 0.704688 0.437500 0.639062 0.406250 0.604688 0.401562 0.592187 0.406250
0 0.612500 0.221875 0.600000 0.235937 0.598437 0.257812 0.631250 0.315625 0.664062 0.351562 0.707812 0.381250 0.723437 0.387500 0.745313 0.382812 0.773438 0.342187 0.781250 0.304688 0.779687 0.290625 0.731250 0.245312 0.629687 0.218750
0 0.531250 0.228125 0.521875 0.221875 0.490625 0.217188 0.425000 0.218750 0.389062 0.226562 0.346875 0.251563 0.340625 0.282813 0.345313 0.331250 0.354687 0.350000 0.387500 0.357812 0.465625 0.329688 0.504687 0.301563 0.532813 0.270313 0.539062 0.242188
0 0.721875 0.160938 0.720313 0.178125 0.734375 0.209375 0.778125 0.250000 0.807813 0.268750 0.821875 0.275000 0.864062 0.284375 0.885938 0.276562 0.904687 0.253125 0.910937 0.234375 0.912500 0.215625 0.907813 0.204687 0.873437 0.175000 0.846875 0.168750 0.825000 0.156250 0.759375 0.146875 0.732812 0.151562
0 0.471875 0.143750 0.462500 0.132812 0.446875 0.125000 0.403125 0.120313 0.309375 0.134375 0.278125 0.153125 0.271875 0.171875 0.276562 0.204687 0.292187 0.231250 0.307812 0.232813 0.406250 0.210938 0.450000 0.187500 0.468750 0.165625
0 0.892188 0.115625 0.887500 0.125000 0.887500 0.131250 0.893750 0.145313 0.925000 0.168750 0.959375 0.184375 0.998437 0.192188 0.998437 0.109375 0.918750 0.101562 0.900000 0.107813
0 0.120313 0.067187 0.120313 0.078125 0.125000 0.093750 0.135937 0.107813 0.171875 0.117188 0.229687 0.109375 0.282813 0.084375 0.289062 0.075000 0.289062 0.065625 0.268750 0.046875 0.248438 0.039062 0.190625 0.029687 0.160938 0.031250 0.134375 0.039062 0.123438 0.051562
