0 0.495312 0.679688 0.495312 0.681250 0.496875 0.682813 0.496875 0.690625 0.498437 0.692187 0.501563 0.700000 0.525000 0.726562 0.540625 0.726562 0.542188 0.725000 0.543750 0.725000 0.551562 0.717187 0.551562 0.707812 0.553125 0.706250 0.550000 0.703125 0.550000 0.701562 0.528125 0.679688 0.528125 0.678125 0.521875 0.678125 0.520312 0.676562 0.500000 0.676562
0 0.240625 0.657813 0.229687 0.665625 0.226562 0.675000 0.226562 0.698438 0.257812 0.732812 0.257812 0.734375 0.262500 0.737500 0.275000 0.731250 0.293750 0.717187 0.304688 0.706250 0.306250 0.698438 0.285938 0.673438 0.276562 0.668750 0.262500 0.659375
0 0.406250 0.659375 0.396875 0.671875 0.398438 0.678125 0.401562 0.682813 0.401562 0.685937 0.407813 0.700000 0.432812 0.732812 0.453125 0.734375 0.457813 0.731250 0.464062 0.729688 0.473438 0.720313 0.476562 0.706250 0.478125 0.704688 0.478125 0.701562 0.446875 0.665625 0.431250 0.656250 0.420312 0.656250 0.418750 0.657813 0.409375 0.657813
0 0.326562 0.650000 0.314063 0.675000 0.320312 0.684375 0.337500 0.720313 0.348438 0.729688 0.353125 0.729688 0.354687 0.731250 0.359375 0.731250 0.379688 0.723437 0.393750 0.709375 0.393750 0.698438 0.371875 0.667188 0.356250 0.651563 0.353125 0.651563 0.348438 0.648438 0.332813 0.646875
0 0.325000 0.401562 0.314063 0.390625 0.310937 0.390625 0.309375 0.389062 0.300000 0.389062 0.293750 0.395313 0.292187 0.395313 0.279687 0.406250 0.278125 0.406250 0.271875 0.412500 0.270313 0.412500 0.260937 0.421875 0.260937 0.434375 0.265625 0.439063 0.268750 0.440625 0.281250 0.434375 0.284375 0.434375 0.287500 0.431250 0.289062 0.431250 0.292187 0.428125 0.293750 0.428125 0.296875 0.425000 0.303125 0.421875 0.312500 0.412500 0.314063 0.412500 0.323437 0.403125 0.325000 0.403125
0 0.478125 0.264062 0.478125 0.281250 0.484375 0.289062 0.493750 0.290625 0.495312 0.292187 0.501563 0.292187 0.503125 0.293750 0.509375 0.293750 0.517188 0.296875 0.531250 0.298438 0.539062 0.301563 0.545312 0.301563 0.546875 0.303125 0.564063 0.296875 0.564063 0.281250 0.557813 0.267188 0.548438 0.259375 0.542188 0.256250 0.525000 0.251563 0.510938 0.245312 0.496875 0.245312 0.490625 0.248438 0.481250 0.257812
0 0.760938 0.187500 0.754687 0.201563 0.754687 0.207813 0.757812 0.218750 0.790625 0.245312 0.806250 0.239063 0.817187 0.229687 0.818750 0.231250 0.818750 0.250000 0.834375 0.273438 0.843750 0.273438 0.856250 0.264062 0.839063 0.232813 0.831250 0.228125 0.820312 0.229687 0.818750 0.218750 0.775000 0.185938 0.773438 0.187500
0 0.571875 0.193750 0.573438 0.195312 0.575000 0.195312 0.581250 0.201563 0.603125 0.201563 0.604688 0.200000 0.610938 0.200000 0.634375 0.176563 0.626563 0.170313 0.596875 0.170313 0.595313 0.171875 0.592187 0.171875 0.590625 0.173437 0.582812 0.175000 0.576562 0.179688 0.575000 0.179688 0.575000 0.182812 0.573438 0.184375 0.573438 0.192188
0 0.421875 0.154688 0.418750 0.154688 0.417187 0.153125 0.414062 0.153125 0.412500 0.151562 0.406250 0.151562 0.379688 0.176563 0.379688 0.178125 0.378125 0.179688 0.378125 0.184375 0.376563 0.185938 0.376563 0.189062 0.379688 0.192188 0.381250 0.192188 0.389062 0.200000 0.403125 0.200000 0.407813 0.195312 0.409375 0.195312 0.414062 0.190625 0.415625 0.190625 0.420312 0.185938 0.421875 0.185938 0.426563 0.181250 0.428125 0.181250 0.428125 0.170313 0.429688 0.168750 0.428125 0.167187 0.426563 0.162500 0.423438 0.159375
0 0.664062 0.162500 0.664062 0.165625 0.665625 0.167187 0.665625 0.173437 0.667188 0.173437 0.671875 0.178125 0.673438 0.178125 0.685937 0.189062 0.687500 0.189062 0.690625 0.192188 0.700000 0.196875 0.703125 0.196875 0.712500 0.189062 0.718750 0.185938 0.728125 0.173437 0.714063 0.162500 0.710938 0.162500 0.682813 0.148438 0.670312 0.148438 0.668750 0.150000 0.667188 0.157812
0 0.214062 0.093750 0.207813 0.087500 0.207813 0.085938 0.204687 0.082812 0.201563 0.082812 0.200000 0.081250 0.196875 0.081250 0.175000 0.103125 0.175000 0.107813 0.173437 0.109375 0.173437 0.114062 0.175000 0.115625 0.178125 0.115625 0.179688 0.117188 0.182812 0.117188 0.184375 0.115625 0.189062 0.115625 0.190625 0.114062 0.193750 0.114062 0.195312 0.112500 0.198437 0.112500 0.209375 0.101562 0.210938 0.101562 0.214062 0.098437
0 0.396875 0.079687 0.387500 0.079687 0.365625 0.101562 0.364063 0.101562 0.357812 0.107813 0.357812 0.114062 0.359375 0.115625 0.359375 0.120313 0.360938 0.121875 0.362500 0.121875 0.367188 0.125000 0.370312 0.125000 0.378125 0.129688 0.379688 0.129688 0.381250 0.128125 0.385937 0.128125 0.392188 0.121875 0.393750 0.121875 0.407813 0.109375 0.410938 0.098437 0.409375 0.096875 0.407813 0.092188 0.404687 0.089063 0.403125 0.084375
0 0.337500 0.067187 0.335938 0.067187 0.334375 0.065625 0.325000 0.065625 0.312500 0.076563 0.310937 0.076563 0.304688 0.082812 0.303125 0.082812 0.296875 0.089063 0.295312 0.089063 0.295312 0.100000 0.293750 0.101562 0.293750 0.104688 0.303125 0.115625 0.304688 0.114062 0.320312 0.114062 0.321875 0.112500 0.325000 0.112500 0.329688 0.107813 0.331250 0.107813 0.334375 0.104688 0.335938 0.104688 0.345313 0.096875 0.345313 0.078125 0.343750 0.076563 0.342187 0.071875
