0 0.435937 0.779687 0.431250 0.800000 0.431250 0.825000 0.439063 0.845313 0.456250 0.859375 0.465625 0.862500 0.510938 0.860938 0.518750 0.859375 0.534375 0.848437 0.545312 0.823438 0.545312 0.803125 0.542188 0.787500 0.529687 0.776563 0.498437 0.768750 0.467187 0.768750 0.445312 0.771875
0 0.101562 0.750000 0.109375 0.756250 0.123438 0.760938 0.170313 0.760938 0.184375 0.753125 0.198437 0.751563 0.212500 0.745313 0.217188 0.739062 0.217188 0.732812 0.215625 0.731250 0.215625 0.725000 0.207813 0.718750 0.145313 0.718750 0.143750 0.717187 0.132812 0.717187 0.103125 0.735938 0.100000 0.739062
0 0.201563 0.634375 0.201563 0.646875 0.207813 0.653125 0.220312 0.657813 0.251563 0.678125 0.267188 0.679688 0.287500 0.675000 0.303125 0.668750 0.315625 0.656250 0.315625 0.653125 0.310937 0.645312 0.290625 0.635938 0.268750 0.621875 0.265625 0.621875 0.254688 0.615625 0.228125 0.615625 0.206250 0.628125
0 0.300000 0.568750 0.298438 0.584375 0.307812 0.596875 0.320312 0.604688 0.323437 0.604688 0.350000 0.617188 0.365625 0.618750 0.367188 0.617188 0.384375 0.615625 0.389062 0.614062 0.404687 0.601562 0.406250 0.585938 0.400000 0.579688 0.390625 0.576562 0.373437 0.573438 0.343750 0.564063 0.335938 0.564063 0.325000 0.560937 0.315625 0.560937 0.303125 0.565625
0 0.398438 0.550000 0.420312 0.571875 0.425000 0.573438 0.428125 0.576562 0.429688 0.576562 0.437500 0.581250 0.442188 0.578125 0.445312 0.578125 0.446875 0.576562 0.450000 0.576562 0.451562 0.575000 0.454688 0.575000 0.456250 0.573438 0.460938 0.573438 0.462500 0.571875 0.465625 0.571875 0.465625 0.568750 0.464062 0.567187 0.464062 0.565625 0.459375 0.560937 0.457813 0.560937 0.454688 0.557813 0.453125 0.557813 0.442188 0.548438 0.440625 0.548438 0.432812 0.543750 0.429688 0.543750 0.425000 0.540625 0.414062 0.540625 0.412500 0.539062 0.410938 0.539062
0 0.709375 0.470313 0.703125 0.468750 0.701562 0.467187 0.698438 0.467187 0.693750 0.464062 0.690625 0.464062 0.678125 0.457813 0.664062 0.446875 0.651563 0.457813 0.650000 0.457813 0.642188 0.465625 0.642188 0.467187 0.631250 0.478125 0.631250 0.481250 0.632812 0.482812 0.632812 0.489063 0.634375 0.489063 0.640625 0.495312 0.643750 0.496875 0.650000 0.496875 0.651563 0.498437 0.660937 0.498437 0.662500 0.500000 0.664062 0.498437 0.671875 0.498437 0.678125 0.495312 0.681250 0.492188 0.692187 0.487500 0.700000 0.479687 0.701562 0.479687 0.709375 0.471875
0 0.662500 0.385937 0.659375 0.379688 0.646875 0.370312 0.631250 0.368750 0.621875 0.371875 0.614062 0.371875 0.581250 0.382812 0.573438 0.387500 0.564063 0.395313 0.562500 0.407813 0.576562 0.420312 0.600000 0.423438 0.646875 0.407813 0.659375 0.400000
0 0.528125 0.360938 0.525000 0.357812 0.523438 0.353125 0.506250 0.340625 0.492188 0.339062 0.490625 0.340625 0.485938 0.340625 0.476562 0.345313 0.473438 0.345313 0.460938 0.351562 0.457813 0.354687 0.450000 0.357812 0.442188 0.365625 0.442188 0.378125 0.456250 0.392188 0.473438 0.392188 0.475000 0.390625 0.482812 0.390625 0.484375 0.389062 0.487500 0.389062 0.512500 0.379688 0.528125 0.368750
0 0.396875 0.276562 0.396875 0.287500 0.398438 0.289062 0.398438 0.292187 0.409375 0.298438 0.415625 0.298438 0.417187 0.300000 0.432812 0.300000 0.434375 0.298438 0.453125 0.298438 0.454688 0.296875 0.462500 0.296875 0.467187 0.292187 0.467187 0.276562 0.464062 0.270313 0.460938 0.267188 0.460938 0.265625 0.423438 0.265625 0.421875 0.267188 0.409375 0.267188 0.403125 0.271875 0.401562 0.271875
0 0.693750 0.248438 0.693750 0.254688 0.692187 0.256250 0.692187 0.279687 0.696875 0.289062 0.768750 0.289062 0.785937 0.282813 0.790625 0.275000 0.790625 0.268750 0.792188 0.267188 0.790625 0.265625 0.789062 0.254688 0.779687 0.245312 0.762500 0.237500 0.729688 0.235937 0.728125 0.237500 0.720313 0.237500 0.718750 0.239063 0.706250 0.240625
