0 0.626563 0.910937 0.637500 0.920312 0.656250 0.925000 0.687500 0.921875 0.706250 0.915625 0.745313 0.890625 0.759375 0.875000 0.762500 0.862500 0.720313 0.871875 0.698438 0.870313 0.671875 0.862500 0.665625 0.862500 0.642188 0.878125 0.629687 0.892188 0.626563 0.901563
0 0.456250 0.778125 0.457813 0.793750 0.460938 0.801562 0.465625 0.804688 0.550000 0.806250 0.598437 0.795312 0.610938 0.785937 0.612500 0.773438 0.603125 0.757812 0.525000 0.753125 0.470313 0.759375 0.459375 0.767188
0 0.564063 0.682813 0.553125 0.673438 0.534375 0.670312 0.493750 0.671875 0.440625 0.678125 0.423438 0.682813 0.420312 0.685937 0.414062 0.704688 0.420312 0.721875 0.426563 0.728125 0.462500 0.729688 0.495312 0.725000 0.532813 0.723437 0.560937 0.704688 0.564063 0.696875
0 0.540625 0.617188 0.539062 0.612500 0.531250 0.604688 0.518750 0.600000 0.496875 0.600000 0.412500 0.609375 0.401562 0.615625 0.396875 0.628125 0.396875 0.640625 0.401562 0.653125 0.409375 0.657813 0.434375 0.657813 0.514062 0.650000 0.529687 0.645312 0.539062 0.635938
0 0.584375 0.550000 0.581250 0.542188 0.573438 0.535937 0.564063 0.535937 0.562500 0.534375 0.509375 0.535937 0.507812 0.537500 0.484375 0.539062 0.465625 0.543750 0.459375 0.556250 0.459375 0.564063 0.467187 0.578125 0.532813 0.578125 0.534375 0.576562 0.545312 0.576562 0.557813 0.573438 0.568750 0.573438 0.581250 0.568750 0.584375 0.562500
0 0.573438 0.489063 0.571875 0.481250 0.567187 0.473438 0.560937 0.473438 0.559375 0.475000 0.535937 0.475000 0.534375 0.476562 0.495312 0.478125 0.493750 0.479687 0.454688 0.482812 0.448437 0.485938 0.446875 0.496875 0.451562 0.507812 0.459375 0.517188 0.462500 0.518750 0.476562 0.518750 0.478125 0.517188 0.539062 0.509375 0.556250 0.504687 0.571875 0.495312
0 0.492188 0.445312 0.489063 0.434375 0.481250 0.425000 0.475000 0.421875 0.457813 0.418750 0.371875 0.429688 0.359375 0.443750 0.367188 0.468750 0.381250 0.478125 0.382812 0.476562 0.398438 0.476562 0.426563 0.471875 0.481250 0.467187 0.489063 0.462500 0.492188 0.457813
0 0.509375 0.385937 0.503125 0.371875 0.489063 0.360938 0.473438 0.357812 0.435937 0.357812 0.367188 0.370312 0.360938 0.376563 0.359375 0.392188 0.371875 0.410938 0.381250 0.417187 0.390625 0.417187 0.460938 0.407813 0.501563 0.400000
0 0.495312 0.287500 0.478125 0.276562 0.468750 0.273438 0.431250 0.273438 0.384375 0.284375 0.351562 0.296875 0.337500 0.307812 0.340625 0.323437 0.346875 0.332813 0.364063 0.343750 0.393750 0.340625 0.456250 0.325000 0.489063 0.314063 0.498437 0.304688
0 0.481250 0.164062 0.492188 0.175000 0.517188 0.184375 0.540625 0.185938 0.554688 0.175000 0.576562 0.171875 0.635938 0.150000 0.650000 0.150000 0.640625 0.145313 0.625000 0.142187 0.554688 0.137500 0.507812 0.145313 0.487500 0.151562
