0 0.214062 0.754687 0.203125 0.750000 0.195312 0.750000 0.193750 0.748437 0.182812 0.754687 0.171875 0.767188 0.153125 0.804688 0.153125 0.810937 0.148438 0.828125 0.150000 0.839063 0.156250 0.839063 0.157812 0.840625 0.184375 0.839063 0.207813 0.828125 0.218750 0.818750 0.221875 0.814063 0.221875 0.807813 0.223438 0.806250 0.223438 0.767188 0.221875 0.762500
0 0.701562 0.668750 0.700000 0.671875 0.700000 0.690625 0.698438 0.692187 0.698438 0.729688 0.703125 0.734375 0.709375 0.737500 0.721875 0.739062 0.723437 0.740625 0.746875 0.737500 0.756250 0.729688 0.757812 0.717187 0.759375 0.715625 0.759375 0.700000 0.757812 0.698438 0.756250 0.687500 0.751563 0.675000 0.745313 0.668750 0.735938 0.664062 0.712500 0.664062
0 0.610938 0.543750 0.609375 0.546875 0.609375 0.556250 0.607812 0.557813 0.607812 0.567187 0.606250 0.568750 0.606250 0.578125 0.604688 0.579688 0.604688 0.589063 0.603125 0.590625 0.603125 0.600000 0.601562 0.601562 0.603125 0.609375 0.614062 0.618750 0.623437 0.621875 0.646875 0.621875 0.665625 0.615625 0.673438 0.606250 0.675000 0.593750 0.676562 0.592187 0.676562 0.565625 0.670312 0.553125 0.659375 0.543750 0.650000 0.540625 0.626563 0.539062 0.625000 0.540625 0.617188 0.540625
0 0.414062 0.490625 0.403125 0.501563 0.395313 0.521875 0.395313 0.528125 0.392188 0.535937 0.393750 0.556250 0.398438 0.564063 0.412500 0.571875 0.434375 0.573438 0.435937 0.571875 0.448437 0.570312 0.460938 0.560937 0.468750 0.548438 0.471875 0.535937 0.471875 0.526563 0.473438 0.525000 0.473438 0.504687 0.470313 0.498437 0.464062 0.493750 0.451562 0.489063 0.418750 0.489063
0 0.550000 0.478125 0.537500 0.482812 0.526563 0.495312 0.523438 0.504687 0.523438 0.514062 0.521875 0.515625 0.521875 0.537500 0.525000 0.548438 0.532813 0.556250 0.539062 0.559375 0.554688 0.560937 0.556250 0.562500 0.571875 0.560937 0.585938 0.553125 0.596875 0.539062 0.603125 0.514062 0.601562 0.492188 0.582812 0.479687 0.576562 0.479687 0.575000 0.478125
0 0.712500 0.376563 0.706250 0.373437 0.685937 0.373437 0.684375 0.375000 0.676562 0.376563 0.668750 0.382812 0.660937 0.396875 0.659375 0.404687 0.653125 0.418750 0.650000 0.421875 0.650000 0.426563 0.648438 0.428125 0.650000 0.439063 0.654687 0.445312 0.662500 0.448437 0.689063 0.448437 0.690625 0.446875 0.693750 0.446875 0.701562 0.439063 0.714063 0.415625 0.714063 0.410938 0.717187 0.403125 0.717187 0.392188 0.718750 0.389062 0.717187 0.387500 0.717187 0.381250
0 0.617188 0.371875 0.603125 0.365625 0.584375 0.365625 0.571875 0.370312 0.565625 0.376563 0.559375 0.387500 0.554688 0.404687 0.548438 0.418750 0.548438 0.439063 0.553125 0.443750 0.570312 0.448437 0.590625 0.448437 0.592187 0.446875 0.604688 0.446875 0.612500 0.440625 0.625000 0.420312 0.628125 0.410938 0.628125 0.403125 0.629687 0.401562 0.628125 0.385937 0.625000 0.379688
0 0.476562 0.343750 0.464062 0.353125 0.459375 0.364063 0.459375 0.370312 0.456250 0.378125 0.453125 0.401562 0.451562 0.403125 0.453125 0.420312 0.459375 0.425000 0.479687 0.429688 0.514062 0.428125 0.525000 0.421875 0.531250 0.412500 0.535937 0.390625 0.535937 0.365625 0.534375 0.360938 0.526563 0.350000 0.510938 0.342187 0.487500 0.340625
0 0.375000 0.285938 0.365625 0.290625 0.359375 0.296875 0.353125 0.309375 0.353125 0.318750 0.351562 0.320312 0.351562 0.353125 0.357812 0.360938 0.367188 0.365625 0.373437 0.365625 0.375000 0.367188 0.404687 0.367188 0.409375 0.365625 0.417187 0.359375 0.423438 0.342187 0.423438 0.332813 0.425000 0.331250 0.423438 0.304688 0.418750 0.295312 0.410938 0.289062 0.400000 0.285938 0.384375 0.285938 0.382812 0.284375
0 0.356250 0.079687 0.354687 0.081250 0.350000 0.081250 0.348438 0.082812 0.343750 0.082812 0.342187 0.084375 0.332813 0.085938 0.303125 0.100000 0.284375 0.112500 0.265625 0.131250 0.281250 0.123438 0.284375 0.123438 0.289062 0.120313 0.292187 0.120313 0.296875 0.117188 0.300000 0.117188 0.304688 0.114062 0.307812 0.114062 0.312500 0.110937 0.323437 0.107813
