0 0.925000 0.842187 0.920312 0.840625 0.906250 0.842187 0.860938 0.889062 0.842187 0.931250 0.840625 0.973437 0.846875 0.973437 0.867188 0.960938 0.914062 0.910937 0.921875 0.892188 0.932813 0.878125 0.934375 0.868750 0.932813 0.850000
0 0.892188 0.637500 0.864062 0.639062 0.839063 0.654687 0.815625 0.681250 0.804688 0.707812 0.785937 0.739062 0.789062 0.754687 0.806250 0.775000 0.828125 0.785937 0.845313 0.784375 0.873437 0.762500 0.890625 0.737500 0.910937 0.696875 0.917188 0.670312 0.909375 0.648438
0 0.796875 0.567187 0.762500 0.568750 0.731250 0.589063 0.703125 0.620313 0.676562 0.662500 0.678125 0.684375 0.692187 0.703125 0.718750 0.717187 0.745313 0.715625 0.765625 0.700000 0.789062 0.670312 0.809375 0.634375 0.815625 0.612500 0.815625 0.589063 0.807813 0.575000
0 0.582812 0.532813 0.573438 0.529687 0.560937 0.529687 0.543750 0.534375 0.496875 0.578125 0.496875 0.595313 0.498437 0.596875 0.498437 0.601562 0.509375 0.615625 0.518750 0.618750 0.590625 0.545312 0.590625 0.540625
0 0.725000 0.525000 0.710938 0.512500 0.682813 0.509375 0.660937 0.518750 0.635938 0.537500 0.595313 0.578125 0.592187 0.584375 0.592187 0.604688 0.601562 0.626563 0.610938 0.635938 0.631250 0.642188 0.651563 0.640625 0.664062 0.634375 0.717187 0.585938 0.728125 0.567187 0.731250 0.539062
0 0.495312 0.467187 0.485938 0.470313 0.473438 0.481250 0.423438 0.531250 0.425000 0.537500 0.435937 0.548438 0.445312 0.553125 0.454688 0.553125 0.468750 0.548438 0.498437 0.520312 0.510938 0.495312 0.509375 0.493750 0.509375 0.485938 0.506250 0.479687
0 0.493750 0.348438 0.471875 0.345313 0.443750 0.356250 0.431250 0.365625 0.390625 0.406250 0.381250 0.423438 0.382812 0.445312 0.403125 0.467187 0.418750 0.473438 0.437500 0.471875 0.450000 0.464062 0.479687 0.437500 0.503125 0.410938 0.509375 0.400000 0.512500 0.373437 0.506250 0.359375
0 0.475000 0.248438 0.465625 0.243750 0.445312 0.242188 0.412500 0.251563 0.376563 0.270313 0.346875 0.293750 0.340625 0.304688 0.337500 0.328125 0.345313 0.351562 0.368750 0.376563 0.382812 0.379688 0.410938 0.371875 0.437500 0.351562 0.460938 0.339062 0.479687 0.314063 0.490625 0.292187 0.490625 0.270313 0.485938 0.259375
0 0.406250 0.135937 0.382812 0.125000 0.353125 0.128125 0.317188 0.142187 0.270313 0.173437 0.254688 0.189062 0.251563 0.207813 0.254688 0.220312 0.270313 0.246875 0.281250 0.257812 0.290625 0.262500 0.315625 0.260937 0.365625 0.234375 0.407813 0.192188 0.417187 0.175000 0.417187 0.154688
0 0.225000 0.090625 0.210938 0.079687 0.185938 0.079687 0.170313 0.084375 0.148438 0.095312 0.114062 0.121875 0.084375 0.156250 0.084375 0.164062 0.089063 0.168750 0.142187 0.160938 0.189062 0.139063 0.223438 0.109375 0.226562 0.103125
