0 0.317188 0.610938 0.315625 0.612500 0.315625 0.632812 0.317188 0.634375 0.317188 0.640625 0.320312 0.643750 0.323437 0.643750 0.325000 0.645312 0.331250 0.639062 0.331250 0.621875 0.329688 0.620313 0.329688 0.615625 0.326562 0.612500 0.326562 0.610938
0 0.289062 0.593750 0.287500 0.595313 0.287500 0.596875 0.285938 0.598437 0.285938 0.610938 0.287500 0.612500 0.287500 0.620313 0.289062 0.621875 0.289062 0.623437 0.293750 0.628125 0.295312 0.628125 0.296875 0.626563 0.298438 0.626563 0.301563 0.623437 0.303125 0.623437 0.304688 0.621875 0.304688 0.618750 0.306250 0.617188 0.304688 0.615625 0.304688 0.603125 0.303125 0.601562 0.303125 0.600000 0.300000 0.596875 0.300000 0.595313 0.298438 0.593750
0 0.345313 0.582812 0.340625 0.587500 0.340625 0.589063 0.339062 0.590625 0.339062 0.592187 0.337500 0.593750 0.337500 0.604688 0.339062 0.606250 0.339062 0.607812 0.340625 0.609375 0.340625 0.614062 0.342187 0.615625 0.342187 0.617188 0.345313 0.620313 0.350000 0.620313 0.353125 0.617188 0.353125 0.615625 0.354687 0.614062 0.354687 0.612500 0.356250 0.610938 0.356250 0.595313 0.354687 0.593750 0.354687 0.592187 0.353125 0.590625 0.353125 0.589063 0.351562 0.587500 0.351562 0.585938 0.350000 0.585938 0.348438 0.584375 0.346875 0.584375
0 0.246875 0.546875 0.246875 0.548438 0.245312 0.550000 0.245312 0.551562 0.243750 0.553125 0.243750 0.554688 0.245312 0.556250 0.245312 0.567187 0.246875 0.568750 0.246875 0.575000 0.248438 0.576562 0.251563 0.576562 0.253125 0.578125 0.253125 0.579688 0.254688 0.578125 0.256250 0.578125 0.259375 0.575000 0.259375 0.556250 0.257812 0.554688 0.257812 0.553125 0.256250 0.551562 0.256250 0.550000 0.254688 0.548438 0.254688 0.546875
0 0.392188 0.396875 0.389062 0.400000 0.389062 0.401562 0.385937 0.404687 0.385937 0.414062 0.387500 0.415625 0.387500 0.417187 0.389062 0.418750 0.389062 0.420312 0.392188 0.423438 0.392188 0.425000 0.393750 0.426563 0.393750 0.428125 0.395313 0.429688 0.395313 0.431250 0.398438 0.434375 0.403125 0.434375 0.407813 0.429688 0.407813 0.421875 0.406250 0.420312 0.406250 0.415625 0.404687 0.414062 0.404687 0.410938 0.403125 0.409375 0.403125 0.407813 0.400000 0.404687 0.400000 0.403125 0.396875 0.400000 0.396875 0.398438 0.395313 0.396875
0 0.415625 0.340625 0.407813 0.340625 0.404687 0.343750 0.404687 0.345313 0.401562 0.348438 0.401562 0.354687 0.400000 0.356250 0.400000 0.365625 0.403125 0.368750 0.403125 0.370312 0.406250 0.373437 0.409375 0.373437 0.410938 0.371875 0.412500 0.371875 0.414062 0.370312 0.415625 0.370312 0.415625 0.367188 0.417187 0.365625 0.417187 0.362500 0.418750 0.360938 0.418750 0.357812 0.420312 0.356250 0.420312 0.350000 0.418750 0.348438 0.418750 0.346875 0.417187 0.345313 0.417187 0.343750 0.415625 0.342187
0 0.443750 0.332813 0.439063 0.332813 0.435937 0.335938 0.435937 0.337500 0.432812 0.340625 0.432812 0.342187 0.431250 0.343750 0.431250 0.345313 0.429688 0.346875 0.429688 0.351562 0.428125 0.353125 0.428125 0.356250 0.429688 0.357812 0.429688 0.359375 0.431250 0.360938 0.431250 0.362500 0.432812 0.364063 0.432812 0.365625 0.442188 0.365625 0.443750 0.364063 0.443750 0.362500 0.445312 0.360938 0.445312 0.357812 0.446875 0.356250 0.446875 0.354687 0.448437 0.353125 0.448437 0.340625 0.450000 0.339062
0 0.490625 0.309375 0.485938 0.309375 0.481250 0.314063 0.481250 0.315625 0.479687 0.317188 0.479687 0.321875 0.478125 0.323437 0.478125 0.325000 0.476562 0.326562 0.476562 0.332813 0.482812 0.339062 0.484375 0.339062 0.490625 0.332813 0.490625 0.331250 0.493750 0.328125 0.493750 0.323437 0.495312 0.321875 0.495312 0.314063
0 0.395313 0.304688 0.393750 0.306250 0.390625 0.306250 0.389062 0.307812 0.389062 0.309375 0.387500 0.310937 0.387500 0.314063 0.385937 0.315625 0.385937 0.321875 0.384375 0.323437 0.384375 0.325000 0.385937 0.326562 0.385937 0.334375 0.387500 0.335938 0.387500 0.337500 0.390625 0.340625 0.393750 0.340625 0.398438 0.335938 0.398438 0.334375 0.400000 0.332813 0.400000 0.326562 0.401562 0.325000 0.401562 0.320312 0.403125 0.318750 0.403125 0.310937 0.401562 0.309375 0.401562 0.307812 0.400000 0.306250 0.396875 0.306250
0 0.379688 0.103125 0.375000 0.103125 0.371875 0.106250 0.371875 0.107813 0.368750 0.110937 0.367188 0.110937 0.367188 0.112500 0.364063 0.115625 0.364063 0.117188 0.360938 0.120313 0.360938 0.125000 0.359375 0.126562 0.359375 0.129688 0.360938 0.131250 0.360938 0.132812 0.368750 0.132812 0.371875 0.129688 0.371875 0.128125 0.375000 0.125000 0.375000 0.123438 0.378125 0.120313 0.378125 0.118750 0.381250 0.115625 0.381250 0.106250 0.379688 0.104688
