0 0.739062 0.778125 0.739062 0.789062 0.743750 0.793750 0.745313 0.793750 0.753125 0.800000 0.764062 0.800000 0.765625 0.798438 0.796875 0.798438 0.806250 0.793750 0.809375 0.787500 0.809375 0.782813 0.810937 0.781250 0.810937 0.776563 0.806250 0.771875 0.806250 0.770312 0.803125 0.768750 0.800000 0.768750 0.798438 0.767188 0.771875 0.767188 0.770312 0.768750 0.754687 0.768750 0.753125 0.770312 0.748437 0.770312
0 0.935937 0.704688 0.935937 0.698438 0.934375 0.696875 0.934375 0.685937 0.926562 0.679688 0.925000 0.679688 0.920312 0.675000 0.917188 0.675000 0.915625 0.676562 0.885938 0.676562 0.884375 0.678125 0.870313 0.678125 0.867188 0.681250 0.865625 0.681250 0.865625 0.684375 0.864062 0.685937 0.864062 0.696875 0.875000 0.707812 0.882812 0.710938 0.885938 0.714063 0.918750 0.714063 0.920312 0.712500 0.926562 0.712500
0 0.912500 0.626563 0.914062 0.648438 0.918750 0.656250 0.926562 0.659375 0.978125 0.659375 0.989062 0.650000 0.989062 0.645312 0.990625 0.643750 0.990625 0.631250 0.987500 0.626563 0.987500 0.623437 0.979688 0.617188 0.925000 0.617188 0.920312 0.621875
0 0.839063 0.568750 0.839063 0.570312 0.840625 0.571875 0.840625 0.585938 0.853125 0.593750 0.892188 0.593750 0.893750 0.592187 0.898438 0.590625 0.901563 0.587500 0.903125 0.587500 0.903125 0.571875 0.896875 0.565625 0.896875 0.564063 0.895312 0.562500 0.892188 0.562500 0.890625 0.560937 0.853125 0.560937 0.851562 0.562500 0.846875 0.564063 0.843750 0.567187
0 0.482812 0.478125 0.487500 0.485938 0.489063 0.485938 0.490625 0.487500 0.495312 0.489063 0.498437 0.492188 0.501563 0.492188 0.503125 0.493750 0.507812 0.493750 0.509375 0.495312 0.514062 0.495312 0.515625 0.496875 0.525000 0.496875 0.526563 0.495312 0.535937 0.495312 0.540625 0.490625 0.542188 0.490625 0.543750 0.489063 0.543750 0.487500 0.539062 0.482812 0.537500 0.482812 0.535937 0.481250 0.532813 0.481250 0.531250 0.479687 0.503125 0.479687 0.501563 0.478125
0 0.485938 0.465625 0.487500 0.467187 0.487500 0.471875 0.493750 0.475000 0.504687 0.475000 0.506250 0.476562 0.540625 0.476562 0.542188 0.478125 0.550000 0.478125 0.554688 0.473438 0.554688 0.470313 0.556250 0.468750 0.556250 0.454688 0.554688 0.453125 0.554688 0.450000 0.545312 0.445312 0.498437 0.445312
0 0.843750 0.379688 0.843750 0.390625 0.845313 0.392188 0.845313 0.393750 0.848437 0.396875 0.851562 0.396875 0.856250 0.400000 0.884375 0.400000 0.885938 0.398438 0.896875 0.398438 0.896875 0.396875 0.898438 0.395313 0.898438 0.392188 0.900000 0.390625 0.900000 0.385937 0.898438 0.384375 0.898438 0.381250 0.896875 0.379688 0.896875 0.376563 0.895312 0.376563 0.892188 0.373437 0.850000 0.373437
0 0.917188 0.323437 0.914062 0.329688 0.914062 0.343750 0.920312 0.350000 0.929688 0.354687 0.971875 0.354687 0.971875 0.348438 0.973437 0.346875 0.973437 0.340625 0.975000 0.339062 0.975000 0.332813 0.976562 0.331250 0.976562 0.325000 0.978125 0.321875 0.975000 0.321875 0.973437 0.320312 0.970313 0.320312 0.964063 0.317188 0.928125 0.317188
0 0.875000 0.271875 0.875000 0.276562 0.873437 0.278125 0.873437 0.285938 0.878125 0.295312 0.882812 0.298438 0.920312 0.298438 0.921875 0.300000 0.926562 0.300000 0.928125 0.298438 0.935937 0.298438 0.935937 0.292187 0.937500 0.290625 0.937500 0.276562 0.939063 0.275000 0.939063 0.270313 0.932813 0.265625 0.901563 0.265625 0.900000 0.267188 0.882812 0.267188
0 0.759375 0.182812 0.759375 0.198437 0.764062 0.198437 0.765625 0.200000 0.771875 0.200000 0.773438 0.201563 0.790625 0.201563 0.792188 0.200000 0.803125 0.200000 0.804688 0.198437 0.809375 0.198437 0.810937 0.196875 0.815625 0.196875 0.818750 0.193750 0.818750 0.182812 0.810937 0.178125 0.801562 0.178125 0.800000 0.176563 0.782813 0.176563 0.781250 0.178125 0.771875 0.178125 0.767188 0.181250
