0 0.732812 0.759375 0.732812 0.784375 0.731250 0.785937 0.731250 0.793750 0.732812 0.795312 0.731250 0.868750 0.734375 0.875000 0.742188 0.882812 0.745313 0.882812 0.748437 0.873437 0.748437 0.865625 0.750000 0.864062 0.751563 0.825000 0.750000 0.823438 0.748437 0.809375 0.743750 0.800000 0.743750 0.795312 0.737500 0.779687
0 0.198437 0.723437 0.185938 0.773438 0.182812 0.779687 0.181250 0.803125 0.179688 0.804688 0.184375 0.837500 0.189062 0.853125 0.193750 0.860938 0.196875 0.860938 0.201563 0.856250 0.209375 0.835938 0.207813 0.778125 0.206250 0.776563 0.204687 0.753125 0.203125 0.751563 0.203125 0.743750
0 0.500000 0.578125 0.492188 0.578125 0.490625 0.579688 0.487500 0.579688 0.485938 0.581250 0.482812 0.581250 0.478125 0.584375 0.471875 0.585938 0.471875 0.610938 0.473438 0.612500 0.473438 0.626563 0.475000 0.628125 0.475000 0.634375 0.476562 0.635938 0.478125 0.645312 0.481250 0.651563 0.484375 0.653125 0.490625 0.653125 0.495312 0.648438 0.495312 0.645312 0.496875 0.643750 0.496875 0.640625 0.500000 0.634375 0.500000 0.629687 0.501563 0.628125 0.501563 0.610938 0.503125 0.609375 0.503125 0.579688
0 0.439063 0.475000 0.428125 0.484375 0.429688 0.526563 0.431250 0.528125 0.431250 0.540625 0.432812 0.542188 0.434375 0.559375 0.439063 0.567187 0.448437 0.567187 0.453125 0.564063 0.457813 0.556250 0.457813 0.542188 0.459375 0.540625 0.459375 0.479687 0.453125 0.475000
0 0.537500 0.371875 0.529687 0.371875 0.528125 0.375000 0.506250 0.395313 0.507812 0.398438 0.507812 0.418750 0.509375 0.420312 0.510938 0.442188 0.512500 0.443750 0.512500 0.450000 0.514062 0.451562 0.514062 0.457813 0.515625 0.459375 0.517188 0.468750 0.521875 0.473438 0.532813 0.471875 0.539062 0.462500 0.539062 0.459375 0.542188 0.453125 0.543750 0.426563 0.545312 0.425000 0.545312 0.379688
0 0.392188 0.342187 0.385937 0.345313 0.379688 0.351562 0.382812 0.415625 0.384375 0.417187 0.385937 0.431250 0.393750 0.450000 0.398438 0.454688 0.406250 0.454688 0.410938 0.446875 0.410938 0.440625 0.412500 0.439063 0.414062 0.425000 0.415625 0.423438 0.417187 0.396875 0.418750 0.395313 0.420312 0.357812 0.407813 0.343750 0.404687 0.342187
0 0.623437 0.325000 0.617188 0.329688 0.607812 0.346875 0.606250 0.354687 0.603125 0.359375 0.603125 0.370312 0.604688 0.371875 0.604688 0.387500 0.606250 0.389062 0.607812 0.403125 0.614062 0.417187 0.615625 0.425000 0.621875 0.434375 0.631250 0.434375 0.635938 0.428125 0.639062 0.418750 0.639062 0.410938 0.640625 0.409375 0.640625 0.362500 0.639062 0.360938 0.639062 0.348438 0.637500 0.346875 0.637500 0.342187 0.631250 0.329688 0.628125 0.326562
0 0.354687 0.304688 0.342187 0.307812 0.328125 0.317188 0.328125 0.321875 0.329688 0.323437 0.329688 0.359375 0.331250 0.360938 0.331250 0.375000 0.332813 0.376563 0.334375 0.400000 0.335938 0.401562 0.335938 0.409375 0.343750 0.417187 0.350000 0.417187 0.359375 0.409375 0.364063 0.400000 0.364063 0.393750 0.368750 0.378125 0.368750 0.365625 0.370312 0.364063 0.371875 0.329688 0.364063 0.312500
0 0.307812 0.303125 0.298438 0.303125 0.287500 0.312500 0.284375 0.328125 0.282813 0.329688 0.282813 0.387500 0.284375 0.389062 0.284375 0.398438 0.289062 0.407813 0.295312 0.412500 0.301563 0.412500 0.309375 0.404687 0.315625 0.392188 0.315625 0.381250 0.317188 0.379688 0.318750 0.321875 0.314063 0.310937
0 0.581250 0.296875 0.579688 0.298438 0.568750 0.300000 0.564063 0.303125 0.553125 0.315625 0.551562 0.320312 0.546875 0.326562 0.548438 0.329688 0.548438 0.339062 0.550000 0.340625 0.550000 0.350000 0.551562 0.351562 0.551562 0.360938 0.553125 0.362500 0.553125 0.368750 0.556250 0.375000 0.556250 0.379688 0.560937 0.389062 0.567187 0.393750 0.578125 0.390625 0.579688 0.385937 0.582812 0.382812 0.582812 0.379688 0.585938 0.373437 0.585938 0.365625 0.587500 0.364063 0.587500 0.323437 0.585938 0.321875 0.585938 0.303125
