0 0.807813 0.726562 0.800000 0.739062 0.801562 0.742188 0.801562 0.773438 0.803125 0.775000 0.803125 0.781250 0.804688 0.782813 0.804688 0.787500 0.807813 0.795312 0.807813 0.801562 0.809375 0.803125 0.812500 0.820312 0.823438 0.832812 0.821875 0.803125 0.820312 0.801562 0.820312 0.782813 0.818750 0.781250 0.818750 0.764062 0.817187 0.762500 0.817187 0.743750 0.815625 0.742188 0.815625 0.729688
0 0.151562 0.635938 0.135937 0.640625 0.132812 0.643750 0.132812 0.646875 0.131250 0.648438 0.131250 0.651563 0.129688 0.653125 0.129688 0.656250 0.128125 0.657813 0.128125 0.660937 0.126562 0.662500 0.126562 0.665625 0.125000 0.667188 0.125000 0.670312 0.123438 0.671875 0.123438 0.675000 0.121875 0.676562 0.121875 0.679688 0.110937 0.709375 0.110937 0.731250 0.148438 0.671875 0.148438 0.668750 0.154688 0.653125 0.154688 0.645312 0.153125 0.643750
0 0.250000 0.460938 0.240625 0.460938 0.229687 0.476562 0.223438 0.493750 0.223438 0.507812 0.221875 0.509375 0.221875 0.518750 0.223438 0.520312 0.223438 0.545312 0.225000 0.546875 0.225000 0.551562 0.235937 0.570312 0.253125 0.568750 0.256250 0.565625 0.262500 0.554688 0.262500 0.548438 0.267188 0.535937 0.267188 0.495312 0.259375 0.471875
0 0.723437 0.404687 0.704688 0.409375 0.693750 0.437500 0.693750 0.446875 0.692187 0.448437 0.692187 0.473438 0.693750 0.475000 0.693750 0.485938 0.701562 0.500000 0.710938 0.500000 0.712500 0.501563 0.715625 0.501563 0.723437 0.493750 0.725000 0.493750 0.734375 0.482812 0.735938 0.450000 0.734375 0.448437 0.732812 0.423438
0 0.665625 0.323437 0.653125 0.334375 0.651563 0.353125 0.650000 0.354687 0.650000 0.362500 0.648438 0.364063 0.648438 0.375000 0.646875 0.376563 0.646875 0.409375 0.653125 0.420312 0.656250 0.421875 0.671875 0.423438 0.673438 0.425000 0.684375 0.409375 0.687500 0.350000 0.681250 0.331250 0.671875 0.325000
0 0.571875 0.295312 0.567187 0.295312 0.565625 0.296875 0.562500 0.296875 0.557813 0.301563 0.556250 0.306250 0.553125 0.309375 0.553125 0.314063 0.551562 0.315625 0.551562 0.329688 0.550000 0.331250 0.550000 0.343750 0.548438 0.345313 0.548438 0.351562 0.550000 0.353125 0.551562 0.360938 0.554688 0.364063 0.567187 0.370312 0.568750 0.370312 0.576562 0.364063 0.576562 0.348438 0.578125 0.346875 0.578125 0.304688 0.575000 0.301563
0 0.392188 0.284375 0.387500 0.290625 0.387500 0.295312 0.385937 0.296875 0.385937 0.300000 0.387500 0.301563 0.387500 0.315625 0.389062 0.317188 0.389062 0.325000 0.390625 0.326562 0.390625 0.346875 0.392188 0.348438 0.392188 0.351562 0.395313 0.354687 0.396875 0.354687 0.398438 0.353125 0.403125 0.353125 0.407813 0.346875 0.407813 0.337500 0.409375 0.335938 0.409375 0.334375 0.410938 0.332813 0.410938 0.329688 0.412500 0.328125 0.412500 0.304688 0.410938 0.303125 0.410938 0.300000 0.409375 0.298438 0.407813 0.293750 0.404687 0.290625 0.403125 0.285938 0.401562 0.285938 0.400000 0.284375
0 0.310937 0.276562 0.307812 0.279687 0.301563 0.279687 0.293750 0.287500 0.293750 0.290625 0.287500 0.303125 0.287500 0.312500 0.284375 0.318750 0.284375 0.354687 0.285938 0.356250 0.287500 0.370312 0.293750 0.379688 0.296875 0.379688 0.300000 0.382812 0.303125 0.381250 0.312500 0.381250 0.323437 0.371875 0.325000 0.362500 0.326562 0.360938 0.326562 0.332813 0.325000 0.331250 0.326562 0.329688 0.326562 0.301563 0.321875 0.287500 0.315625 0.279687 0.312500 0.279687
0 0.623437 0.270313 0.610938 0.276562 0.610938 0.279687 0.604688 0.292187 0.604688 0.298438 0.603125 0.300000 0.603125 0.309375 0.601562 0.310937 0.601562 0.320312 0.600000 0.321875 0.600000 0.337500 0.601562 0.339062 0.601562 0.350000 0.606250 0.351562 0.609375 0.354687 0.626563 0.351562 0.635938 0.335938 0.635938 0.329688 0.637500 0.328125 0.637500 0.318750 0.639062 0.317188 0.640625 0.296875 0.639062 0.295312 0.639062 0.290625 0.635938 0.284375 0.634375 0.275000 0.629687 0.271875 0.625000 0.271875
0 0.354687 0.237500 0.350000 0.237500 0.340625 0.246875 0.340625 0.251563 0.335938 0.262500 0.335938 0.296875 0.334375 0.298438 0.334375 0.301563 0.335938 0.303125 0.335938 0.317188 0.337500 0.318750 0.337500 0.326562 0.345313 0.335938 0.346875 0.334375 0.356250 0.334375 0.362500 0.331250 0.365625 0.328125 0.365625 0.325000 0.368750 0.320312 0.368750 0.312500 0.370312 0.310937 0.370312 0.264062 0.368750 0.262500 0.368750 0.253125 0.364063 0.245312 0.360938 0.242188 0.356250 0.240625
