0 0.298438 0.781250 0.300000 0.845313 0.301563 0.846875 0.301563 0.857812 0.304688 0.870313 0.320312 0.901563 0.326562 0.910937 0.334375 0.917188 0.337500 0.915625 0.340625 0.907813 0.340625 0.884375 0.337500 0.871875 0.320312 0.826562
0 0.821875 0.678125 0.828125 0.704688 0.842187 0.746875 0.850000 0.779687 0.859375 0.790625 0.868750 0.792188 0.867188 0.768750 0.865625 0.767188 0.857812 0.734375 0.853125 0.725000
0 0.542188 0.564063 0.535937 0.567187 0.531250 0.571875 0.529687 0.571875 0.525000 0.576562 0.523438 0.576562 0.521875 0.578125 0.521875 0.582812 0.523438 0.584375 0.526563 0.596875 0.529687 0.601562 0.532813 0.614062 0.539062 0.626563 0.548438 0.639062 0.554688 0.640625 0.557813 0.639062 0.560937 0.634375 0.560937 0.606250 0.559375 0.604688 0.559375 0.598437 0.557813 0.596875 0.557813 0.592187 0.556250 0.590625 0.556250 0.585938 0.554688 0.584375 0.554688 0.581250 0.551562 0.575000 0.550000 0.565625 0.548438 0.564063
0 0.460938 0.478125 0.454688 0.482812 0.450000 0.492188 0.450000 0.495312 0.473438 0.554688 0.476562 0.557813 0.478125 0.562500 0.484375 0.568750 0.489063 0.568750 0.496875 0.564063 0.498437 0.548438 0.496875 0.546875 0.496875 0.540625 0.495312 0.539062 0.495312 0.534375 0.493750 0.532813 0.489063 0.509375 0.482812 0.493750 0.482812 0.489063 0.481250 0.487500 0.479687 0.479687 0.471875 0.476562
0 0.384375 0.360938 0.375000 0.364063 0.365625 0.375000 0.365625 0.378125 0.381250 0.423438 0.395313 0.453125 0.403125 0.464062 0.414062 0.471875 0.418750 0.470313 0.421875 0.465625 0.421875 0.448437 0.420312 0.446875 0.418750 0.425000 0.417187 0.423438 0.417187 0.417187 0.415625 0.415625 0.415625 0.409375 0.409375 0.387500 0.407813 0.375000 0.406250 0.371875 0.395313 0.364063
0 0.520312 0.354687 0.514062 0.359375 0.514062 0.362500 0.509375 0.371875 0.500000 0.385937 0.506250 0.400000 0.507812 0.407813 0.512500 0.415625 0.512500 0.418750 0.525000 0.443750 0.532813 0.454688 0.540625 0.456250 0.546875 0.451562 0.550000 0.442188 0.548438 0.418750 0.546875 0.417187 0.545312 0.403125 0.542188 0.396875 0.539062 0.379688 0.534375 0.368750 0.534375 0.364063 0.531250 0.359375 0.526563 0.357812 0.523438 0.354687
0 0.276562 0.350000 0.270313 0.354687 0.265625 0.364063 0.267188 0.384375 0.268750 0.385937 0.273438 0.409375 0.281250 0.432812 0.284375 0.437500 0.285938 0.445312 0.293750 0.454688 0.303125 0.457813 0.307812 0.456250 0.312500 0.448437 0.315625 0.428125 0.314063 0.426563 0.309375 0.403125 0.306250 0.396875 0.300000 0.365625 0.289062 0.353125 0.284375 0.350000
0 0.325000 0.339062 0.314063 0.346875 0.306250 0.357812 0.317188 0.390625 0.340625 0.445312 0.346875 0.448437 0.353125 0.448437 0.360938 0.442188 0.362500 0.431250 0.364063 0.429688 0.362500 0.404687 0.360938 0.403125 0.360938 0.395313 0.359375 0.393750 0.359375 0.387500 0.357812 0.385937 0.357812 0.379688 0.356250 0.378125 0.353125 0.360938 0.346875 0.350000 0.335938 0.340625
0 0.593750 0.285938 0.589063 0.289062 0.585938 0.296875 0.584375 0.312500 0.582812 0.314063 0.582812 0.329688 0.585938 0.334375 0.585938 0.337500 0.589063 0.342187 0.593750 0.356250 0.614062 0.387500 0.620313 0.392188 0.628125 0.392188 0.631250 0.389062 0.632812 0.384375 0.632812 0.365625 0.631250 0.364063 0.629687 0.350000 0.620313 0.321875 0.610938 0.300000 0.598437 0.287500
0 0.540625 0.271875 0.534375 0.275000 0.525000 0.285938 0.518750 0.309375 0.542188 0.356250 0.551562 0.365625 0.559375 0.367188 0.562500 0.365625 0.567187 0.359375 0.567187 0.354687 0.568750 0.353125 0.568750 0.335938 0.567187 0.334375 0.567187 0.328125 0.565625 0.326562 0.564063 0.315625 0.562500 0.314063 0.559375 0.301563 0.556250 0.296875 0.554688 0.289062 0.548438 0.276562 0.548438 0.273438
