0 0.120313 0.832812 0.125000 0.832812 0.131250 0.835938 0.135937 0.835938 0.142187 0.839063 0.154688 0.840625 0.156250 0.842187 0.178125 0.843750 0.179688 0.845313 0.189062 0.845313 0.190625 0.846875 0.200000 0.846875 0.201563 0.848437 0.237500 0.848437 0.240625 0.850000 0.240625 0.842187 0.235937 0.837500 0.229687 0.837500 0.228125 0.835938 0.168750 0.834375 0.167187 0.832812 0.143750 0.832812 0.142187 0.831250
0 0.498437 0.775000 0.509375 0.784375 0.521875 0.787500 0.592187 0.787500 0.626563 0.779687 0.628125 0.776563 0.628125 0.764062 0.623437 0.754687 0.606250 0.750000 0.553125 0.750000 0.551562 0.751563 0.531250 0.751563 0.529687 0.753125 0.509375 0.754687 0.500000 0.764062
0 0.562500 0.707812 0.564063 0.709375 0.564063 0.720313 0.573438 0.729688 0.587500 0.732812 0.634375 0.735938 0.635938 0.737500 0.667188 0.737500 0.668750 0.739062 0.684375 0.739062 0.695312 0.732812 0.695312 0.718750 0.696875 0.717187 0.695312 0.704688 0.682813 0.698438 0.673438 0.698438 0.662500 0.695312 0.578125 0.695312 0.565625 0.698438
0 0.487500 0.650000 0.493750 0.659375 0.528125 0.664062 0.529687 0.665625 0.539062 0.665625 0.540625 0.667188 0.570312 0.668750 0.571875 0.670312 0.610938 0.671875 0.615625 0.665625 0.618750 0.654687 0.609375 0.637500 0.600000 0.637500 0.598437 0.635938 0.589063 0.635938 0.587500 0.634375 0.559375 0.631250 0.557813 0.629687 0.545312 0.629687 0.543750 0.628125 0.501563 0.628125 0.490625 0.635938
0 0.310937 0.546875 0.312500 0.557813 0.318750 0.564063 0.326562 0.567187 0.340625 0.568750 0.342187 0.570312 0.350000 0.570312 0.351562 0.571875 0.373437 0.571875 0.375000 0.573438 0.403125 0.573438 0.406250 0.575000 0.414062 0.571875 0.418750 0.567187 0.417187 0.550000 0.412500 0.548438 0.403125 0.548438 0.401562 0.546875 0.393750 0.546875 0.392188 0.545312 0.375000 0.543750 0.373437 0.542188 0.343750 0.540625 0.342187 0.539062 0.325000 0.539062 0.323437 0.540625 0.318750 0.540625
0 0.337500 0.407813 0.339062 0.409375 0.340625 0.420312 0.350000 0.428125 0.401562 0.429688 0.404687 0.431250 0.406250 0.429688 0.418750 0.429688 0.420312 0.428125 0.440625 0.426563 0.443750 0.423438 0.451562 0.420312 0.450000 0.418750 0.450000 0.407813 0.446875 0.400000 0.435937 0.396875 0.392188 0.396875 0.390625 0.398438 0.379688 0.398438 0.378125 0.400000 0.353125 0.401562 0.351562 0.403125 0.345313 0.403125
0 0.504687 0.340625 0.504687 0.351562 0.510938 0.362500 0.518750 0.368750 0.535937 0.371875 0.579688 0.373437 0.581250 0.375000 0.623437 0.375000 0.629687 0.371875 0.637500 0.357812 0.637500 0.351562 0.634375 0.343750 0.626563 0.337500 0.529687 0.335938 0.521875 0.334375 0.509375 0.337500
0 0.570312 0.282813 0.570312 0.295312 0.568750 0.296875 0.570312 0.306250 0.593750 0.315625 0.664062 0.321875 0.693750 0.317188 0.704688 0.309375 0.704688 0.296875 0.700000 0.290625 0.689063 0.285938 0.620313 0.279687 0.618750 0.278125 0.584375 0.278125 0.582812 0.276562 0.578125 0.276562
0 0.495312 0.232813 0.496875 0.243750 0.510938 0.253125 0.517188 0.253125 0.565625 0.264062 0.573438 0.264062 0.590625 0.268750 0.601562 0.268750 0.603125 0.270313 0.612500 0.270313 0.620313 0.262500 0.618750 0.251563 0.615625 0.248438 0.604688 0.242188 0.576562 0.232813 0.523438 0.225000 0.521875 0.223438 0.503125 0.225000
0 0.123438 0.128125 0.232813 0.143750 0.250000 0.143750 0.271875 0.135937 0.276562 0.125000 0.260937 0.117188 0.176563 0.114062 0.175000 0.115625 0.128125 0.120313
