0 0.573438 0.748437 0.565625 0.737500 0.557813 0.732812 0.526563 0.735938 0.501563 0.748437 0.485938 0.753125 0.479687 0.753125 0.468750 0.762500 0.467187 0.778125 0.473438 0.785937 0.485938 0.792188 0.489063 0.790625 0.518750 0.790625 0.535937 0.784375 0.545312 0.776563 0.568750 0.770312 0.571875 0.767188 0.575000 0.759375
0 0.503125 0.692187 0.492188 0.679688 0.468750 0.679688 0.390625 0.723437 0.390625 0.734375 0.400000 0.745313 0.421875 0.753125 0.423438 0.751563 0.443750 0.750000 0.454688 0.746875 0.475000 0.737500 0.500000 0.717187 0.501563 0.693750
0 0.878125 0.679688 0.860938 0.678125 0.832812 0.695312 0.812500 0.712500 0.806250 0.728125 0.806250 0.775000 0.812500 0.785937 0.850000 0.790625 0.870313 0.742188 0.871875 0.709375 0.873437 0.707812 0.873437 0.698438 0.878125 0.690625
0 0.443750 0.650000 0.437500 0.639062 0.431250 0.634375 0.426563 0.632812 0.406250 0.634375 0.351562 0.660937 0.335938 0.676562 0.334375 0.692187 0.342187 0.703125 0.354687 0.709375 0.370312 0.709375 0.392188 0.704688 0.420312 0.681250 0.440625 0.671875
0 0.442188 0.553125 0.432812 0.548438 0.414062 0.548438 0.407813 0.551562 0.387500 0.568750 0.367188 0.578125 0.342187 0.600000 0.342187 0.612500 0.348438 0.620313 0.356250 0.625000 0.376563 0.626563 0.384375 0.620313 0.401562 0.610938 0.442188 0.570312
0 0.318750 0.357812 0.320312 0.373437 0.339062 0.382812 0.364063 0.385937 0.381250 0.393750 0.387500 0.392188 0.432812 0.392188 0.451562 0.381250 0.451562 0.365625 0.445312 0.359375 0.387500 0.356250 0.385937 0.354687 0.362500 0.354687 0.360938 0.353125 0.339062 0.353125 0.337500 0.351562 0.326562 0.351562
0 0.264062 0.293750 0.265625 0.309375 0.282813 0.323437 0.320312 0.328125 0.393750 0.328125 0.414062 0.321875 0.426563 0.310937 0.428125 0.289062 0.421875 0.284375 0.393750 0.281250 0.278125 0.281250
0 0.406250 0.215625 0.401562 0.206250 0.393750 0.200000 0.351562 0.200000 0.314063 0.206250 0.267188 0.209375 0.254688 0.215625 0.246875 0.223438 0.246875 0.246875 0.262500 0.260937 0.331250 0.260937 0.346875 0.256250 0.371875 0.254688 0.398438 0.240625 0.404687 0.229687
0 0.473438 0.121875 0.470313 0.118750 0.429688 0.123438 0.395313 0.125000 0.357812 0.134375 0.343750 0.150000 0.345313 0.173437 0.356250 0.182812 0.379688 0.178125 0.412500 0.176563 0.445312 0.171875 0.462500 0.162500 0.468750 0.150000
0 0.621875 0.042188 0.621875 0.045312 0.617188 0.056250 0.650000 0.100000 0.660937 0.101562 0.668750 0.104688 0.675000 0.104688 0.676562 0.106250 0.696875 0.104688 0.700000 0.101562 0.695312 0.081250 0.665625 0.051562 0.656250 0.045312 0.648438 0.037500 0.645312 0.035937 0.634375 0.035937
