0 0.510938 0.714063 0.490625 0.740625 0.475000 0.768750 0.475000 0.773438 0.471875 0.779687 0.471875 0.793750 0.473438 0.795312 0.475000 0.804688 0.481250 0.812500 0.493750 0.814063 0.503125 0.807813 0.540625 0.748437 0.531250 0.735938
0 0.567187 0.662500 0.553125 0.670312 0.534375 0.684375 0.532813 0.687500 0.551562 0.751563 0.562500 0.771875 0.570312 0.779687 0.575000 0.779687 0.581250 0.776563 0.592187 0.762500 0.593750 0.739062 0.592187 0.737500 0.592187 0.729688 0.576562 0.685937 0.575000 0.676562
0 0.878125 0.360938 0.876563 0.362500 0.871875 0.362500 0.868750 0.364063 0.862500 0.373437 0.862500 0.381250 0.860938 0.382812 0.862500 0.385937 0.862500 0.404687 0.864062 0.406250 0.864062 0.412500 0.865625 0.414062 0.865625 0.418750 0.868750 0.425000 0.868750 0.429688 0.875000 0.443750 0.881250 0.448437 0.892188 0.448437 0.896875 0.443750 0.896875 0.439063 0.898438 0.437500 0.898438 0.426563 0.896875 0.425000 0.895312 0.403125 0.893750 0.401562 0.893750 0.393750 0.892188 0.392188 0.892188 0.385937 0.890625 0.384375 0.890625 0.378125 0.889062 0.376563 0.887500 0.368750 0.882812 0.362500
0 0.140625 0.323437 0.135937 0.326562 0.132812 0.346875 0.131250 0.348438 0.131250 0.354687 0.129688 0.356250 0.126562 0.376563 0.125000 0.378125 0.125000 0.385937 0.123438 0.387500 0.123438 0.403125 0.125000 0.404687 0.125000 0.410938 0.131250 0.418750 0.134375 0.418750 0.135937 0.420312 0.137500 0.418750 0.145313 0.417187 0.154688 0.404687 0.154688 0.401562 0.157812 0.395313 0.157812 0.390625 0.159375 0.389062 0.160938 0.367188 0.162500 0.365625 0.162500 0.339062 0.157812 0.331250 0.150000 0.325000 0.142187 0.325000
0 0.460938 0.243750 0.448437 0.243750 0.445312 0.246875 0.442188 0.256250 0.442188 0.260937 0.440625 0.262500 0.440625 0.267188 0.439063 0.268750 0.439063 0.273438 0.437500 0.275000 0.437500 0.279687 0.435937 0.281250 0.435937 0.285938 0.434375 0.287500 0.434375 0.292187 0.432812 0.293750 0.432812 0.298438 0.431250 0.300000 0.429688 0.317188 0.428125 0.318750 0.429688 0.332813 0.434375 0.339062 0.440625 0.342187 0.446875 0.342187 0.457813 0.329688 0.464062 0.315625 0.464062 0.310937 0.468750 0.296875 0.470313 0.278125 0.471875 0.276562 0.471875 0.256250 0.467187 0.246875
0 0.615625 0.215625 0.606250 0.220312 0.601562 0.226562 0.600000 0.231250 0.600000 0.256250 0.601562 0.257812 0.603125 0.284375 0.604688 0.285938 0.607812 0.301563 0.615625 0.314063 0.620313 0.318750 0.625000 0.320312 0.635938 0.314063 0.642188 0.306250 0.643750 0.301563 0.643750 0.281250 0.642188 0.279687 0.642188 0.268750 0.640625 0.267188 0.640625 0.259375 0.639062 0.257812 0.634375 0.228125 0.631250 0.221875 0.625000 0.215625
0 0.782813 0.198437 0.773438 0.203125 0.762500 0.214062 0.760938 0.218750 0.760938 0.234375 0.762500 0.235937 0.764062 0.254688 0.768750 0.267188 0.768750 0.271875 0.779687 0.296875 0.787500 0.303125 0.789062 0.301563 0.798438 0.300000 0.804688 0.293750 0.809375 0.281250 0.810937 0.259375 0.809375 0.257812 0.809375 0.248438 0.807813 0.246875 0.806250 0.232813 0.801562 0.218750 0.790625 0.198437
0 0.271875 0.198437 0.267188 0.198437 0.262500 0.207813 0.256250 0.226562 0.256250 0.231250 0.253125 0.237500 0.251563 0.251563 0.250000 0.253125 0.250000 0.262500 0.248438 0.264062 0.248438 0.282813 0.250000 0.284375 0.250000 0.289062 0.256250 0.301563 0.260937 0.303125 0.271875 0.303125 0.278125 0.298438 0.287500 0.276562 0.292187 0.248438 0.293750 0.246875 0.293750 0.239063 0.295312 0.237500 0.295312 0.210938 0.293750 0.207813 0.284375 0.201563 0.273438 0.200000
0 0.367188 0.131250 0.362500 0.132812 0.356250 0.150000 0.353125 0.168750 0.351562 0.170313 0.350000 0.196875 0.348438 0.198437 0.348438 0.223438 0.350000 0.228125 0.360938 0.234375 0.370312 0.234375 0.376563 0.231250 0.382812 0.225000 0.387500 0.209375 0.387500 0.204687 0.389062 0.203125 0.390625 0.187500 0.392188 0.185938 0.392188 0.176563 0.393750 0.175000 0.393750 0.148438 0.392188 0.145313 0.382812 0.135937
0 0.695312 0.112500 0.684375 0.115625 0.676562 0.120313 0.671875 0.126562 0.671875 0.132812 0.673438 0.134375 0.673438 0.150000 0.675000 0.151562 0.676562 0.171875 0.678125 0.173437 0.679688 0.187500 0.684375 0.203125 0.692187 0.215625 0.698438 0.220312 0.701562 0.220312 0.709375 0.217188 0.718750 0.206250 0.721875 0.195312 0.721875 0.179688 0.720313 0.178125 0.720313 0.170313 0.718750 0.168750 0.717187 0.153125 0.715625 0.151562 0.715625 0.145313 0.714063 0.143750 0.714063 0.137500 0.710938 0.131250 0.710938 0.126562 0.704688 0.114062
