0 0.823438 0.792188 0.806250 0.784375 0.785937 0.784375 0.782813 0.782813 0.768750 0.787500 0.757812 0.796875 0.753125 0.804688 0.746875 0.810937 0.740625 0.823438 0.737500 0.832812 0.737500 0.845313 0.740625 0.853125 0.746875 0.857812 0.764062 0.859375 0.784375 0.851562 0.817187 0.815625 0.825000 0.801562
0 0.895312 0.768750 0.887500 0.764062 0.884375 0.764062 0.882812 0.762500 0.876563 0.762500 0.865625 0.773438 0.865625 0.775000 0.853125 0.789062 0.853125 0.790625 0.840625 0.807813 0.839063 0.812500 0.835938 0.815625 0.835938 0.821875 0.839063 0.821875 0.840625 0.823438 0.842187 0.821875 0.848437 0.821875 0.854688 0.817187 0.856250 0.817187 0.860938 0.812500 0.867188 0.809375 0.871875 0.804688 0.878125 0.801562 0.878125 0.800000 0.889062 0.789062 0.889062 0.787500 0.895312 0.779687
0 0.732812 0.759375 0.717187 0.756250 0.715625 0.754687 0.706250 0.754687 0.704688 0.753125 0.682813 0.754687 0.679688 0.757812 0.675000 0.759375 0.665625 0.767188 0.664062 0.771875 0.653125 0.787500 0.653125 0.793750 0.651563 0.796875 0.653125 0.798438 0.653125 0.807813 0.656250 0.814063 0.667188 0.818750 0.679688 0.818750 0.695312 0.810937 0.707812 0.801562 0.725000 0.784375 0.735938 0.767188
0 0.612500 0.712500 0.600000 0.707812 0.585938 0.707812 0.584375 0.709375 0.573438 0.710938 0.565625 0.717187 0.556250 0.734375 0.556250 0.739062 0.553125 0.746875 0.553125 0.765625 0.556250 0.771875 0.562500 0.778125 0.573438 0.782813 0.590625 0.782813 0.595313 0.779687 0.598437 0.779687 0.609375 0.768750 0.609375 0.765625 0.617188 0.751563 0.618750 0.742188 0.620313 0.740625 0.620313 0.732812 0.621875 0.731250 0.620313 0.720313 0.617188 0.715625
0 0.421875 0.632812 0.423438 0.640625 0.429688 0.646875 0.443750 0.653125 0.456250 0.654687 0.464062 0.657813 0.473438 0.657813 0.475000 0.659375 0.490625 0.660937 0.492188 0.659375 0.521875 0.659375 0.528125 0.656250 0.528125 0.651563 0.523438 0.645312 0.493750 0.645312 0.492188 0.643750 0.484375 0.643750 0.482812 0.642188 0.476562 0.642188 0.465625 0.637500 0.460938 0.637500 0.435937 0.628125 0.429688 0.628125 0.428125 0.629687 0.425000 0.629687
0 0.126562 0.581250 0.118750 0.590625 0.120313 0.593750 0.120313 0.601562 0.121875 0.603125 0.121875 0.606250 0.143750 0.648438 0.156250 0.659375 0.159375 0.653125 0.159375 0.650000 0.157812 0.648438 0.157812 0.642188 0.156250 0.640625 0.156250 0.635938 0.154688 0.634375 0.153125 0.626563 0.146875 0.617188 0.134375 0.604688 0.129688 0.595313 0.137500 0.589063 0.146875 0.587500 0.146875 0.581250 0.143750 0.579688 0.140625 0.581250
0 0.432812 0.592187 0.432812 0.601562 0.440625 0.612500 0.450000 0.617188 0.490625 0.629687 0.506250 0.632812 0.535937 0.634375 0.553125 0.631250 0.559375 0.626563 0.560937 0.617188 0.556250 0.607812 0.532813 0.593750 0.498437 0.581250 0.492188 0.581250 0.478125 0.576562 0.456250 0.575000 0.440625 0.581250
0 0.468750 0.525000 0.467187 0.535937 0.471875 0.548438 0.479687 0.553125 0.489063 0.554688 0.518750 0.565625 0.523438 0.565625 0.539062 0.571875 0.579688 0.573438 0.587500 0.570312 0.593750 0.564063 0.593750 0.554688 0.590625 0.548438 0.582812 0.540625 0.565625 0.531250 0.548438 0.526563 0.512500 0.512500 0.501563 0.512500 0.500000 0.510938 0.489063 0.512500 0.475000 0.518750
0 0.501563 0.445312 0.503125 0.456250 0.509375 0.464062 0.512500 0.464062 0.523438 0.470313 0.526563 0.470313 0.534375 0.475000 0.557813 0.482812 0.562500 0.485938 0.570312 0.485938 0.571875 0.487500 0.587500 0.487500 0.589063 0.485938 0.593750 0.485938 0.600000 0.482812 0.604688 0.475000 0.604688 0.464062 0.598437 0.454688 0.545312 0.431250 0.540625 0.431250 0.539062 0.429688 0.517188 0.429688 0.512500 0.432812 0.509375 0.432812 0.504687 0.437500 0.504687 0.440625
0 0.421875 0.260937 0.428125 0.265625 0.457813 0.279687 0.460938 0.282813 0.479687 0.292187 0.509375 0.292187 0.510938 0.290625 0.520312 0.290625 0.521875 0.289062 0.535937 0.287500 0.539062 0.282813 0.537500 0.273438 0.526563 0.264062 0.507812 0.260937 0.506250 0.259375 0.446875 0.259375 0.445312 0.260937
