0 0.204687 0.920312 0.204687 0.928125 0.203125 0.929688 0.204687 0.931250 0.206250 0.931250 0.209375 0.934375 0.212500 0.934375 0.214062 0.935937 0.218750 0.935937 0.220312 0.937500 0.226562 0.937500 0.228125 0.939063 0.234375 0.939063 0.235937 0.940625 0.242188 0.940625 0.243750 0.942187 0.245312 0.942187 0.246875 0.940625 0.250000 0.940625 0.253125 0.937500 0.253125 0.935937 0.254688 0.934375 0.254688 0.932813 0.253125 0.931250 0.253125 0.925000 0.246875 0.918750 0.245312 0.918750 0.243750 0.917188 0.240625 0.917188 0.235937 0.914062 0.220312 0.914062 0.218750 0.912500 0.215625 0.912500 0.212500 0.915625 0.210938 0.915625 0.206250 0.920312
0 0.142187 0.732812 0.142187 0.742188 0.157812 0.750000 0.160938 0.750000 0.162500 0.751563 0.165625 0.751563 0.167187 0.753125 0.175000 0.754687 0.179688 0.757812 0.182812 0.757812 0.189062 0.760938 0.200000 0.760938 0.206250 0.757812 0.210938 0.750000 0.210938 0.743750 0.207813 0.737500 0.204687 0.734375 0.201563 0.734375 0.170313 0.718750 0.162500 0.718750 0.160938 0.717187 0.157812 0.717187 0.151562 0.721875 0.150000 0.721875 0.145313 0.726562
0 0.132812 0.651563 0.135937 0.660937 0.142187 0.662500 0.150000 0.667188 0.153125 0.667188 0.160938 0.671875 0.164062 0.671875 0.170313 0.675000 0.175000 0.675000 0.176563 0.676562 0.184375 0.676562 0.185938 0.678125 0.190625 0.678125 0.198437 0.671875 0.203125 0.670312 0.203125 0.667188 0.204687 0.665625 0.204687 0.654687 0.201563 0.650000 0.184375 0.642188 0.181250 0.639062 0.165625 0.631250 0.156250 0.632812 0.154688 0.634375 0.150000 0.634375 0.143750 0.637500 0.137500 0.643750 0.135937 0.648438
0 0.653125 0.620313 0.653125 0.621875 0.659375 0.628125 0.667188 0.632812 0.687500 0.650000 0.693750 0.653125 0.709375 0.653125 0.715625 0.650000 0.720313 0.650000 0.721875 0.648438 0.734375 0.645312 0.742188 0.640625 0.737500 0.631250 0.723437 0.614062 0.714063 0.609375 0.693750 0.595313 0.681250 0.595313 0.679688 0.596875 0.673438 0.596875 0.664062 0.603125
0 0.267188 0.573438 0.267188 0.575000 0.265625 0.576562 0.265625 0.582812 0.270313 0.587500 0.270313 0.589063 0.275000 0.593750 0.276562 0.593750 0.279687 0.596875 0.284375 0.598437 0.287500 0.601562 0.289062 0.601562 0.293750 0.604688 0.298438 0.604688 0.300000 0.606250 0.303125 0.606250 0.304688 0.607812 0.312500 0.607812 0.314063 0.606250 0.318750 0.604688 0.325000 0.596875 0.325000 0.593750 0.323437 0.592187 0.323437 0.585938 0.320312 0.582812 0.320312 0.581250 0.317188 0.578125 0.306250 0.573438 0.303125 0.570312 0.295312 0.567187 0.292187 0.564063 0.290625 0.564063 0.289062 0.565625 0.282813 0.565625 0.281250 0.567187 0.278125 0.567187 0.271875 0.571875
0 0.725000 0.454688 0.703125 0.454688 0.701562 0.453125 0.687500 0.453125 0.684375 0.456250 0.678125 0.459375 0.667188 0.470313 0.662500 0.479687 0.662500 0.482812 0.659375 0.487500 0.659375 0.492188 0.660937 0.492188 0.668750 0.500000 0.671875 0.500000 0.673438 0.501563 0.678125 0.501563 0.679688 0.503125 0.682813 0.503125 0.692187 0.498437 0.695312 0.495312 0.695312 0.493750 0.706250 0.484375 0.706250 0.482812 0.712500 0.475000 0.714063 0.470313 0.720313 0.465625 0.721875 0.465625 0.721875 0.464062 0.726562 0.459375
0 0.212500 0.432812 0.212500 0.445312 0.217188 0.451562 0.218750 0.451562 0.226562 0.456250 0.240625 0.456250 0.242188 0.457813 0.245312 0.457813 0.246875 0.456250 0.256250 0.456250 0.257812 0.454688 0.264062 0.454688 0.268750 0.450000 0.270313 0.450000 0.271875 0.448437 0.264062 0.431250 0.260937 0.428125 0.259375 0.428125 0.253125 0.423438 0.246875 0.423438 0.245312 0.421875 0.226562 0.421875 0.225000 0.423438 0.221875 0.423438 0.218750 0.426563 0.217188 0.426563
0 0.095312 0.354687 0.095312 0.367188 0.100000 0.373437 0.100000 0.375000 0.106250 0.378125 0.109375 0.378125 0.110937 0.379688 0.115625 0.379688 0.117188 0.381250 0.135937 0.381250 0.142187 0.378125 0.146875 0.378125 0.148438 0.376563 0.156250 0.375000 0.164062 0.368750 0.164062 0.364063 0.162500 0.362500 0.162500 0.359375 0.157812 0.350000 0.154688 0.350000 0.145313 0.345313 0.115625 0.345313 0.114062 0.346875 0.109375 0.346875 0.107813 0.348438 0.103125 0.348438 0.101562 0.350000 0.098437 0.350000 0.098437 0.351562
0 0.076563 0.239063 0.076563 0.253125 0.085938 0.262500 0.089063 0.264062 0.096875 0.264062 0.098437 0.265625 0.114062 0.265625 0.115625 0.264062 0.123438 0.264062 0.125000 0.262500 0.131250 0.262500 0.139063 0.257812 0.142187 0.257812 0.140625 0.254688 0.140625 0.245312 0.139063 0.243750 0.139063 0.240625 0.137500 0.237500 0.134375 0.235937 0.131250 0.235937 0.126562 0.232813 0.098437 0.232813 0.096875 0.234375 0.084375 0.234375 0.082812 0.235937 0.079687 0.235937
0 0.146875 0.145313 0.146875 0.156250 0.150000 0.159375 0.153125 0.165625 0.165625 0.171875 0.176563 0.171875 0.178125 0.170313 0.185938 0.170313 0.187500 0.168750 0.190625 0.168750 0.196875 0.165625 0.201563 0.165625 0.203125 0.164062 0.206250 0.164062 0.207813 0.160938 0.212500 0.156250 0.210938 0.142187 0.206250 0.135937 0.192188 0.135937 0.190625 0.134375 0.170313 0.134375 0.168750 0.135937 0.156250 0.135937
