0 0.696875 0.840625 0.696875 0.856250 0.700000 0.859375 0.701562 0.864062 0.707812 0.864062 0.709375 0.865625 0.731250 0.865625 0.732812 0.867188 0.737500 0.867188 0.739062 0.865625 0.750000 0.865625 0.751563 0.864062 0.759375 0.864062 0.765625 0.859375 0.767188 0.859375 0.771875 0.854688 0.771875 0.850000 0.764062 0.842187 0.760938 0.842187 0.750000 0.835938 0.745313 0.835938 0.743750 0.834375 0.739062 0.834375 0.737500 0.832812 0.732812 0.832812 0.731250 0.831250 0.726562 0.831250 0.725000 0.829688 0.720313 0.829688 0.718750 0.831250 0.707812 0.831250 0.704688 0.832812
0 0.825000 0.715625 0.825000 0.734375 0.826562 0.735938 0.826562 0.742188 0.837500 0.750000 0.860938 0.750000 0.862500 0.748437 0.873437 0.748437 0.876563 0.745313 0.884375 0.742188 0.895312 0.729688 0.895312 0.725000 0.893750 0.723437 0.893750 0.720313 0.890625 0.714063 0.882812 0.706250 0.873437 0.706250 0.871875 0.704688 0.839063 0.704688 0.834375 0.707812 0.831250 0.707812
0 0.867188 0.651563 0.867188 0.657813 0.868750 0.659375 0.868750 0.668750 0.873437 0.675000 0.879687 0.678125 0.907813 0.678125 0.909375 0.679688 0.914062 0.679688 0.915625 0.678125 0.920312 0.678125 0.923438 0.676562 0.932813 0.667188 0.932813 0.657813 0.931250 0.656250 0.931250 0.651563 0.921875 0.640625 0.901563 0.640625 0.900000 0.639062 0.879687 0.639062 0.878125 0.640625 0.875000 0.640625
0 0.809375 0.596875 0.809375 0.604688 0.812500 0.609375 0.812500 0.612500 0.814063 0.614062 0.814063 0.615625 0.815625 0.615625 0.817187 0.617188 0.820312 0.617188 0.821875 0.618750 0.823438 0.618750 0.825000 0.620313 0.828125 0.620313 0.829688 0.621875 0.845313 0.621875 0.846875 0.620313 0.854688 0.620313 0.856250 0.618750 0.860938 0.618750 0.862500 0.617188 0.864062 0.617188 0.864062 0.615625 0.870313 0.609375 0.870313 0.600000 0.862500 0.590625 0.857812 0.589063 0.854688 0.585938 0.821875 0.585938 0.820312 0.587500 0.817187 0.587500 0.815625 0.589063 0.814063 0.589063 0.810937 0.592187 0.810937 0.595313
0 0.501563 0.460938 0.503125 0.462500 0.506250 0.470313 0.515625 0.479687 0.515625 0.481250 0.521875 0.481250 0.523438 0.479687 0.540625 0.479687 0.542188 0.478125 0.545312 0.478125 0.546875 0.476562 0.550000 0.476562 0.551562 0.475000 0.556250 0.473438 0.557813 0.471875 0.557813 0.462500 0.559375 0.460938 0.559375 0.459375 0.550000 0.451562 0.526563 0.451562 0.525000 0.453125 0.521875 0.453125 0.520312 0.454688 0.517188 0.454688 0.515625 0.456250 0.512500 0.456250 0.510938 0.457813 0.507812 0.457813 0.506250 0.459375 0.503125 0.459375
0 0.625000 0.456250 0.625000 0.467187 0.626563 0.468750 0.628125 0.473438 0.632812 0.478125 0.634375 0.478125 0.645312 0.487500 0.659375 0.487500 0.660937 0.485938 0.664062 0.485938 0.665625 0.484375 0.668750 0.484375 0.670312 0.482812 0.671875 0.482812 0.678125 0.476562 0.678125 0.475000 0.676562 0.473438 0.676562 0.470313 0.675000 0.468750 0.675000 0.465625 0.673438 0.464062 0.668750 0.462500 0.660937 0.456250 0.656250 0.454688 0.653125 0.451562 0.650000 0.451562 0.648438 0.450000 0.631250 0.450000
0 0.712500 0.446875 0.712500 0.448437 0.714063 0.450000 0.714063 0.454688 0.715625 0.456250 0.715625 0.460938 0.721875 0.467187 0.723437 0.467187 0.728125 0.471875 0.729688 0.471875 0.739062 0.479687 0.740625 0.478125 0.750000 0.478125 0.751563 0.476562 0.754687 0.476562 0.756250 0.475000 0.764062 0.473438 0.771875 0.465625 0.771875 0.459375 0.770312 0.457813 0.770312 0.451562 0.768750 0.451562 0.765625 0.448437 0.757812 0.445312 0.754687 0.442188 0.750000 0.440625 0.743750 0.435937 0.729688 0.435937 0.728125 0.437500 0.720313 0.440625 0.715625 0.445312 0.714063 0.445312
0 0.232813 0.396875 0.229687 0.396875 0.228125 0.395313 0.225000 0.395313 0.223438 0.393750 0.210938 0.393750 0.209375 0.395313 0.207813 0.395313 0.203125 0.400000 0.201563 0.400000 0.201563 0.401562 0.200000 0.403125 0.200000 0.406250 0.198437 0.407813 0.198437 0.410938 0.196875 0.412500 0.196875 0.414062 0.195312 0.415625 0.195312 0.418750 0.193750 0.420312 0.193750 0.431250 0.196875 0.435937 0.204687 0.435937 0.206250 0.437500 0.218750 0.437500 0.220312 0.435937 0.221875 0.435937 0.228125 0.429688 0.228125 0.426563 0.229687 0.425000 0.229687 0.421875 0.231250 0.420312 0.231250 0.417187 0.232813 0.415625
0 0.725000 0.389062 0.725000 0.393750 0.723437 0.395313 0.723437 0.401562 0.748437 0.426563 0.750000 0.425000 0.754687 0.425000 0.756250 0.423438 0.760938 0.423438 0.762500 0.421875 0.765625 0.421875 0.771875 0.417187 0.773438 0.417187 0.776563 0.414062 0.778125 0.414062 0.778125 0.400000 0.762500 0.384375 0.759375 0.384375 0.757812 0.382812 0.753125 0.382812 0.751563 0.381250 0.746875 0.381250 0.745313 0.379688 0.739062 0.379688
0 0.695312 0.287500 0.696875 0.289062 0.696875 0.290625 0.701562 0.295312 0.701562 0.296875 0.712500 0.307812 0.714063 0.307812 0.715625 0.309375 0.718750 0.309375 0.720313 0.310937 0.729688 0.310937 0.731250 0.309375 0.732812 0.309375 0.734375 0.307812 0.739062 0.306250 0.740625 0.304688 0.740625 0.301563 0.742188 0.300000 0.742188 0.298438 0.739062 0.295312 0.739062 0.293750 0.732812 0.287500 0.732812 0.285938 0.726562 0.279687 0.725000 0.279687 0.723437 0.278125 0.721875 0.278125 0.717187 0.275000 0.704688 0.275000 0.704688 0.276562 0.696875 0.284375 0.696875 0.285938
