0 0.746875 0.790625 0.743750 0.790625 0.742188 0.792188 0.739062 0.792188 0.739062 0.793750 0.737500 0.795312 0.737500 0.796875 0.735938 0.798438 0.735938 0.801562 0.734375 0.803125 0.734375 0.806250 0.732812 0.807813 0.732812 0.809375 0.731250 0.810937 0.731250 0.817187 0.732812 0.818750 0.732812 0.821875 0.735938 0.825000 0.737500 0.825000 0.742188 0.820312 0.742188 0.815625 0.743750 0.814063 0.745313 0.814063 0.745313 0.810937 0.746875 0.809375 0.746875 0.806250 0.748437 0.804688 0.748437 0.798438 0.750000 0.796875 0.750000 0.795312 0.748437 0.793750 0.748437 0.792188
0 0.584375 0.617188 0.581250 0.617188 0.578125 0.620313 0.578125 0.621875 0.576562 0.623437 0.576562 0.625000 0.575000 0.626563 0.575000 0.642188 0.579688 0.646875 0.581250 0.646875 0.582812 0.648438 0.584375 0.646875 0.585938 0.646875 0.587500 0.645312 0.587500 0.642188 0.589063 0.640625 0.589063 0.634375 0.590625 0.632812 0.590625 0.628125 0.592187 0.626563 0.592187 0.625000 0.590625 0.623437 0.590625 0.621875 0.589063 0.620313 0.587500 0.620313
0 0.670312 0.593750 0.667188 0.596875 0.667188 0.598437 0.665625 0.600000 0.665625 0.625000 0.670312 0.629687 0.673438 0.629687 0.675000 0.631250 0.678125 0.628125 0.679688 0.628125 0.679688 0.626563 0.681250 0.625000 0.681250 0.610938 0.682813 0.609375 0.679688 0.606250 0.679688 0.601562 0.673438 0.595313 0.671875 0.595313
0 0.625000 0.579688 0.623437 0.579688 0.621875 0.581250 0.618750 0.581250 0.617188 0.582812 0.615625 0.582812 0.615625 0.587500 0.614062 0.589063 0.614062 0.604688 0.615625 0.606250 0.615625 0.609375 0.618750 0.612500 0.620313 0.612500 0.621875 0.614062 0.623437 0.614062 0.625000 0.612500 0.626563 0.612500 0.628125 0.610938 0.628125 0.609375 0.629687 0.607812 0.629687 0.604688 0.631250 0.603125 0.631250 0.595313 0.632812 0.593750 0.632812 0.589063 0.631250 0.587500 0.631250 0.585938
0 0.650000 0.565625 0.648438 0.567187 0.646875 0.567187 0.645312 0.568750 0.643750 0.568750 0.642188 0.570312 0.642188 0.575000 0.640625 0.576562 0.640625 0.590625 0.646875 0.596875 0.646875 0.598437 0.648438 0.600000 0.651563 0.600000 0.653125 0.598437 0.656250 0.598437 0.656250 0.595313 0.657813 0.593750 0.657813 0.592187 0.659375 0.590625 0.659375 0.585938 0.657813 0.584375 0.659375 0.582812 0.659375 0.579688 0.657813 0.578125 0.657813 0.573438
0 0.642188 0.504687 0.640625 0.506250 0.639062 0.506250 0.637500 0.507812 0.637500 0.509375 0.635938 0.510938 0.635938 0.514062 0.637500 0.515625 0.637500 0.518750 0.639062 0.520312 0.639062 0.521875 0.640625 0.523438 0.640625 0.525000 0.643750 0.528125 0.643750 0.529687 0.651563 0.537500 0.653125 0.537500 0.656250 0.540625 0.657813 0.540625 0.659375 0.539062 0.659375 0.537500 0.660937 0.535937 0.660937 0.534375 0.662500 0.532813 0.662500 0.525000 0.660937 0.523438 0.660937 0.521875 0.653125 0.514062 0.653125 0.512500 0.645312 0.504687
0 0.753125 0.331250 0.750000 0.334375 0.750000 0.335938 0.748437 0.337500 0.748437 0.339062 0.750000 0.340625 0.750000 0.345313 0.751563 0.346875 0.751563 0.351562 0.756250 0.356250 0.756250 0.357812 0.759375 0.360938 0.759375 0.362500 0.764062 0.362500 0.765625 0.360938 0.767188 0.360938 0.767188 0.357812 0.768750 0.356250 0.768750 0.351562 0.767188 0.350000 0.767188 0.348438 0.765625 0.346875 0.765625 0.342187 0.762500 0.339062 0.762500 0.335938 0.760938 0.334375 0.760938 0.332813 0.759375 0.331250 0.757812 0.332813 0.756250 0.332813 0.754687 0.331250
0 0.653125 0.310937 0.651563 0.312500 0.650000 0.312500 0.648438 0.314063 0.648438 0.317188 0.646875 0.318750 0.646875 0.328125 0.648438 0.329688 0.648438 0.334375 0.650000 0.335938 0.650000 0.337500 0.653125 0.340625 0.653125 0.342187 0.657813 0.346875 0.664062 0.346875 0.665625 0.345313 0.665625 0.343750 0.667188 0.342187 0.667188 0.329688 0.665625 0.328125 0.665625 0.323437 0.662500 0.320312 0.662500 0.317188 0.656250 0.310937
0 0.703125 0.292187 0.698438 0.296875 0.696875 0.296875 0.695312 0.298438 0.695312 0.303125 0.693750 0.304688 0.695312 0.306250 0.695312 0.307812 0.696875 0.309375 0.696875 0.312500 0.698438 0.314063 0.698438 0.317188 0.701562 0.320312 0.701562 0.321875 0.706250 0.326562 0.712500 0.326562 0.714063 0.325000 0.715625 0.325000 0.715625 0.323437 0.717187 0.321875 0.717187 0.312500 0.715625 0.310937 0.715625 0.307812 0.712500 0.304688 0.712500 0.300000 0.710938 0.298438 0.710938 0.296875 0.707812 0.293750 0.706250 0.293750 0.704688 0.292187
0 0.668750 0.282813 0.668750 0.284375 0.667188 0.285938 0.667188 0.287500 0.665625 0.289062 0.665625 0.298438 0.667188 0.300000 0.667188 0.304688 0.670312 0.307812 0.670312 0.312500 0.671875 0.312500 0.675000 0.315625 0.682813 0.315625 0.685937 0.312500 0.685937 0.307812 0.684375 0.306250 0.684375 0.301563 0.682813 0.300000 0.682813 0.295312 0.681250 0.293750 0.681250 0.292187 0.679688 0.290625 0.679688 0.289062 0.678125 0.287500 0.678125 0.285938 0.676562 0.284375 0.671875 0.284375 0.670312 0.282813
