0 0.345313 0.735938 0.334375 0.740625 0.328125 0.750000 0.328125 0.757812 0.326562 0.759375 0.328125 0.762500 0.328125 0.778125 0.329688 0.779687 0.329688 0.787500 0.332813 0.793750 0.334375 0.804688 0.350000 0.845313 0.357812 0.845313 0.370312 0.840625 0.382812 0.832812 0.381250 0.831250 0.381250 0.823438 0.378125 0.812500 0.378125 0.803125 0.365625 0.756250 0.357812 0.740625 0.353125 0.737500 0.346875 0.737500
0 0.673438 0.706250 0.671875 0.707812 0.667188 0.707812 0.664062 0.710938 0.662500 0.720313 0.660937 0.721875 0.660937 0.729688 0.659375 0.731250 0.659375 0.751563 0.657813 0.753125 0.657813 0.787500 0.664062 0.795312 0.670312 0.798438 0.681250 0.800000 0.682813 0.801562 0.689063 0.801562 0.693750 0.796875 0.695312 0.778125 0.696875 0.776563 0.696875 0.762500 0.698438 0.760938 0.696875 0.721875 0.695312 0.720313 0.695312 0.715625 0.690625 0.707812 0.685937 0.706250
0 0.239063 0.659375 0.232813 0.662500 0.228125 0.668750 0.228125 0.692187 0.229687 0.693750 0.234375 0.717187 0.245312 0.750000 0.253125 0.767188 0.257812 0.767188 0.278125 0.757812 0.284375 0.751563 0.282813 0.750000 0.281250 0.731250 0.278125 0.723437 0.278125 0.717187 0.271875 0.701562 0.271875 0.696875 0.265625 0.684375 0.264062 0.676562 0.254688 0.662500 0.246875 0.659375
0 0.770312 0.637500 0.762500 0.640625 0.759375 0.643750 0.756250 0.651563 0.756250 0.660937 0.754687 0.662500 0.754687 0.671875 0.753125 0.673438 0.753125 0.682813 0.751563 0.684375 0.751563 0.696875 0.750000 0.698438 0.750000 0.710938 0.748437 0.712500 0.748437 0.717187 0.751563 0.723437 0.757812 0.729688 0.768750 0.734375 0.781250 0.734375 0.782813 0.721875 0.784375 0.720313 0.784375 0.712500 0.785937 0.710938 0.785937 0.703125 0.787500 0.701562 0.787500 0.692187 0.789062 0.690625 0.789062 0.667188 0.790625 0.665625 0.790625 0.660937 0.789062 0.659375 0.789062 0.651563 0.785937 0.643750 0.781250 0.639062
0 0.404687 0.637500 0.401562 0.639062 0.395313 0.646875 0.395313 0.654687 0.393750 0.656250 0.395313 0.678125 0.396875 0.679688 0.398438 0.692187 0.400000 0.693750 0.400000 0.698438 0.401562 0.700000 0.401562 0.704688 0.403125 0.706250 0.403125 0.710938 0.406250 0.717187 0.407813 0.726562 0.418750 0.735938 0.426563 0.735938 0.437500 0.731250 0.443750 0.723437 0.442188 0.720313 0.440625 0.701562 0.439063 0.700000 0.439063 0.692187 0.437500 0.690625 0.437500 0.684375 0.434375 0.675000 0.434375 0.668750 0.425000 0.646875 0.414062 0.637500
0 0.584375 0.603125 0.576562 0.612500 0.573438 0.628125 0.571875 0.629687 0.571875 0.635938 0.570312 0.637500 0.568750 0.684375 0.570312 0.685937 0.570312 0.689063 0.576562 0.695312 0.589063 0.703125 0.593750 0.703125 0.595313 0.692187 0.596875 0.690625 0.596875 0.684375 0.600000 0.676562 0.600000 0.670312 0.601562 0.668750 0.606250 0.620313 0.604688 0.618750 0.604688 0.612500 0.596875 0.604688
0 0.131250 0.521875 0.128125 0.523438 0.123438 0.529687 0.123438 0.548438 0.125000 0.550000 0.128125 0.567187 0.129688 0.568750 0.139063 0.600000 0.145313 0.612500 0.148438 0.610938 0.154688 0.610938 0.165625 0.606250 0.167187 0.603125 0.165625 0.584375 0.164062 0.582812 0.164062 0.575000 0.162500 0.573438 0.159375 0.556250 0.156250 0.550000 0.154688 0.540625 0.151562 0.535937 0.151562 0.532813 0.148438 0.526563 0.140625 0.521875
0 0.887500 0.506250 0.881250 0.509375 0.875000 0.521875 0.873437 0.537500 0.871875 0.539062 0.871875 0.548438 0.870313 0.550000 0.870313 0.587500 0.879687 0.598437 0.890625 0.603125 0.895312 0.603125 0.898438 0.601562 0.900000 0.573438 0.901563 0.571875 0.901563 0.553125 0.903125 0.551562 0.903125 0.532813 0.901563 0.531250 0.901563 0.518750 0.898438 0.510938 0.893750 0.507812 0.889062 0.507812
0 0.409375 0.176563 0.401562 0.184375 0.395313 0.198437 0.396875 0.223438 0.403125 0.240625 0.425000 0.281250 0.429688 0.285938 0.435937 0.285938 0.457813 0.271875 0.462500 0.265625 0.462500 0.260937 0.448437 0.228125 0.443750 0.212500 0.434375 0.193750 0.420312 0.178125
0 0.501563 0.135937 0.489063 0.137500 0.475000 0.150000 0.464062 0.170313 0.464062 0.173437 0.457813 0.184375 0.457813 0.187500 0.451562 0.203125 0.479687 0.229687 0.482812 0.229687 0.489063 0.223438 0.501563 0.206250 0.509375 0.192188 0.512500 0.182812 0.512500 0.178125 0.514062 0.176563 0.514062 0.167187 0.515625 0.165625 0.514062 0.162500 0.514062 0.153125 0.510938 0.145313
